Wm - mg.cm-2,Wr- mg.cm-2,W- mg.cm-2,Ws-mg.cm-2
1e-07,1e-07,1e-07,1e-07
0.17489833125838777,0.2554965945111011,0.0805983632527133,1e-07
0.24734358937087011,0.3613267641961561,0.11398327482528585,1e-07
0.3029327891373826,0.4425331067122134,0.13960041757483074,1e-07
0.34979665414950417,0.5109932228819946,0.16119666873249042,1e-07
0.39108454827193734,0.5713077963235211,0.18022334805158405,1e-07
0.42841165869091014,0.6258363401152924,0.19742478142438255,1e-07
0.46273747749614547,0.6759805086003597,0.21324313110421456,1e-07
0.49468717301366144,0.7226535661075144,0.22796649309385325,1e-07
0.5246949812648619,0.7664898574237841,0.24179497615892254,1e-07
0.5530770724624574,0.8079512533207324,0.2548742808582753,1e-07
0.5800721293494016,0.8473864285887567,0.2673143992393555,1e-07
0.6058655772112027,0.885066257953692,0.27920078074248966,1e-07
0.6306048866610363,0.9212061708366286,0.29060138417559267,1e-07
0.6544096191607838,0.9559808261473194,0.3015713069865362,1e-07
0.6773783096016069,0.9895341665608723,0.3121559569592658,1e-07
0.6995933083951105,1.0219864919873267,0.3223932835922167,1e-07
0.7211242772087212,1.0534395662449976,0.33231538903627694,1e-07
0.7420307604670688,1.083980373585533,0.34194971311846484,1e-07
0.7623641365240995,1.1136839690236835,0.3513199324995849,1e-07
0.7821691014370585,1.1426156458780985,0.3604466444410408,1e-07
0.801484835060984,1.170832639236552,0.3693479041755687,1e-07
0.8203458869014755,1.1983854200357953,0.3780396331343205,1e-07
0.8387829308398356,1.2253187975863027,0.3865359667464679,1e-07
0.856823339793,1.2516727590524463,0.3948495192594469,1e-07
0.8744916614728209,1.277483164455687,0.40299160298286674,1e-07
0.8918100112943402,1.3027823206465703,0.41097240935223056,1e-07
0.908798399218559,1.3275994587662816,0.41880115954772307,1e-07
0.9254749935124835,1.351961119555102,0.42648622604261915,1e-07
0.94185635769953,1.3758914994965479,0.43403524179701847,1e-07
0.9579576350583379,1.3994127203386773,0.44145518528034,1e-07
0.973792720588196,1.4225450803062583,0.4487524597180627,1e-07
0.9893743957716916,1.445307250966019,0.4559329551943279,1e-07
1.0047144498888396,1.4677164544459083,0.46300210455706897,1e-07
1.0198237871983724,1.4897886200086814,0.46996493281030977,1e-07
1.034712514640933,1.511538512171316,0.4768260975303838,1e-07
1.0493900219987127,1.5329798478045702,0.4835899258058583,1e-07
1.0638650520082686,1.5541253985558572,0.4902604465475891,1e-07
1.0781457613069692,1.5749870798816086,0.49684141857464004,1e-07
1.0922397714835081,1.5955760256233729,0.5033363541398653,1e-07
1.106154216216974,1.6159026568699566,0.5097485406529833,1e-07
1.1198957916779693,1.6359767555848665,0.5160810639068981,1e-07
1.133470782658054,1.6558075027769719,0.5223368201189187,1e-07
1.1468851068414383,1.6754035431738976,0.5285185363324599,1e-07
1.1601443353899041,1.6947730152930847,0.5346287799031815,1e-07
1.1732537282710842,1.7139236030503848,0.5406699747793013,1e-07
1.1862182520273874,1.7328625617174267,0.5466444096900401,1e-07
1.1990426066718476,1.7515967572118687,0.5525542505400218,1e-07
1.2117312421129156,1.7701326900912169,0.5584015479783019,1e-07
1.2242883784926093,1.7884765252633958,0.5641882467707875,1e-07
1.2367180212793731,1.8066341140348439,0.5699161927554712,1e-07
1.2490239766935238,1.824611016644456,0.5755871399509325,1e-07
1.2612098654589698,1.842412522352504,0.5812027568935343,1e-07
1.2732791353619017,1.8600436677867407,0.5867646324248392,1e-07
1.2852350728193314,1.8775092538420644,0.5922742810227332,1e-07
1.2970808096533988,1.8948138555766236,0.5977331459232251,1e-07
1.3088193373230668,1.9119618430018988,0.6031426056788324,1e-07
1.3204535173597238,1.928957396327338,0.6085039789676144,1e-07
1.3319860826643053,1.9458045078552288,0.613818525190924,1e-07
1.3434196496183703,1.962506999672918,0.6190874500545482,1e-07
1.3547567263817892,1.979068535774318,0.6243119093925293,1e-07
1.3659997144261466,1.9954926242999462,0.6294930098738001,1e-07
1.3771509176608918,2.011782630868675,0.634631813207784,1e-07
1.3882125491819677,2.0279417884363298,0.6397293392543627,1e-07
1.3991867327407608,2.043973199441571,0.6447865667008111,1e-07
1.4100755097003348,2.059879845967769,0.6498044362674351,1e-07
1.4208808444524696,2.0756645976563717,0.6547838532039029,1e-07
1.4316046259426238,2.0913302139346155,0.6597256879919923,1e-07
1.4422486730256676,2.1068793518393383,0.6646307788136715,1e-07
1.4528147388720256,2.122314572453603,0.6694999335815784,1e-07
1.4633045124029198,2.1376383430033425,0.6743339306004237,1e-07
1.473719622496524,2.1528530430018336,0.6791335205053104,1e-07
1.4840616415957053,2.167960969519992,0.6838994279242878,1e-07
1.4943320870298666,2.1829643391173614,0.6886323520874958,1e-07
1.5045324246753793,2.1978652931893774,0.6933329685139994,1e-07
1.5146640718297921,2.2126659021661004,0.6980019303363094,1e-07
1.524728397607344,2.2273681660899896,0.7026398684826467,1e-07
1.5347267253406185,2.241974018124312,0.7072473927836949,1e-07
1.5446603354095232,2.2564853286857995,0.7118250932762777,1e-07
1.5545304704410938,2.2709039130406747,0.7163735425995822,1e-07
1.5643383320512736,2.2852315265449463,0.7208932944936742,1e-07
1.5740850837198936,2.2994698688442674,0.7253848851243747,1e-07
1.5837718526386368,2.313620586573491,0.7298488339348556,1e-07
1.5933997339155581,2.3276852794987626,0.7342856455832063,1e-07
1.6029697889822907,2.341665498190718,0.7386958092084288,1e-07
1.6124830471100475,2.3555627462391,0.743079799129054,1e-07
1.6219405068822468,2.369378482404018,0.7474380755217725,1e-07
1.6313431392598516,2.3831141250938828,0.7517710858340328,1e-07
1.6406918873609622,2.396771052043431,0.7560792646824708,1e-07
1.6499876669470057,2.410350601023965,0.7603630340769609,1e-07
1.6592313677674462,2.4238540718077424,0.7646228040402976,1e-07
1.6684238554828927,2.437282728977312,0.7688589734944206,1e-07
1.6775659725083205,2.450637803157315,0.7730719306489956,1e-07
1.686658537837697,2.4639204907582934,0.7772620529205977,1e-07
1.6957023482743552,2.4771319557740568,0.7814297074997029,1e-07
1.7046981795963518,2.49027333148407,0.7855752518877195,1e-07
1.7136467878896626,2.5033457224010265,0.789699034511365,1e-07
1.7225489091089399,2.5163502036291874,0.7938013945202487,1e-07
1.7314052601246501,2.529287822394073,0.7978826622694238,1e-07
1.7402165395001146,2.5421595991775856,0.801943159677472,1e-07
1.7489834287877195,2.5549665296115522,0.8059832008238337,1e-07
1.7577065922439477,2.567709584061434,0.8100030918174872,1e-07
1.7663866775768264,2.58038970871822,0.8140031311413944,1e-07
1.7750243165785995,2.593007826522653,0.8179836099440548,1e-07
1.7836201264564744,2.6055648391092263,0.821944812652753,1e-07
1.792174709312936,2.6180616260470067,0.8258870167340717,1e-07
1.8006886526566013,2.630499045585909,0.8298104929293092,1e-07
1.809162529936289,2.6428779354368817,0.8337155055005938,1e-07
1.8175969008899233,2.6551991132815917,0.8376023123916695,1e-07
1.8259923122481914,2.667463377800352,0.8414711655521617,1e-07
1.83434930016366,2.679671512220645,0.8453223120569859,1e-07
1.8426683877154704,2.691824280671907,0.8491559929564377,1e-07
1.8509500858790064,2.7039224296020494,0.8529724437230441,1e-07
1.859194894082057,2.715966688589916,0.8567718945078602,1e-07
1.8674033004844712,2.7279577707538114,0.8605545702693413,1e-07
1.8755757826459023,2.7398963737269617,0.8643206910810607,1e-07
1.8837128090245703,2.7517831818469514,0.8680704728223823,1e-07
1.8918148372489507,2.763618863630954,0.8718041263820047,1e-07
1.8998823150118638,2.7754040730818454,0.8755218580699831,1e-07
1.9079156804113593,2.7871394501861775,0.8792238697748196,1e-07
1.9159153621752516,2.798825621242186,0.8829103590669359,1e-07
1.9238817803061234,2.810463199802031,0.886581519495909,1e-07
1.9318153469652892,2.8220527879631168,0.8902375409978288,1e-07
1.9397164652919714,2.833594974643108,0.8938786093511385,1e-07
1.9475855301569558,2.845090336680897,0.8975049065239424,1e-07
1.955422928392682,2.856539439172718,0.9011166107800375,1e-07
1.9632290389775724,2.8679428357414287,0.9047138967638579,1e-07
1.9710042336240423,2.8793010693954884,0.9082969357714478,1e-07
1.9787488771864925,2.8906146731249667,0.9118658959384756,1e-07
1.9864633270054228,2.901884168943404,0.9154209419379825,1e-07
1.9941479334584,2.913110068692684,0.9189622352342854,1e-07
2.001803040127479,2.9242928742876058,0.9224899341601283,1e-07
2.009428983950773,2.9354330779373026,0.926004193986531,1e-07
2.0170260957634456,2.946531162935538,0.9295051671720942,1e-07
2.024594700391434,2.9575876037976228,0.9329930034061904,1e-07
2.0321351163575256,2.9686028658310377,0.9364678494735137,1e-07
2.039647656261065,2.9795774056901254,0.9399298494290618,1e-07
2.047132626911768,2.990511671571567,0.9433791446598004,1e-07
2.0545903294593777,3.001406103403789,0.9468158739444132,1e-07
2.062021059867824,3.01226113353963,0.950240173671808,1e-07
2.069425108837071,3.023077186642171,0.9536521778051016,1e-07
2.0768027617329823,3.033854679582281,0.9570520178493003,1e-07
2.0841542988427384,3.04459402181174,0.9604398229690035,1e-07
2.0914799954858756,3.0552956155254476,0.9638157200395737,1e-07
2.098780122138134,3.0659598558423404,0.9671798337042086,1e-07
2.106054944982021,3.0765871316096782,0.970532286627659,1e-07
2.113304725521906,3.087177824840754,0.9738731993188502,1e-07
2.1205297206235167,3.0977323107726007,0.9772026901490857,1e-07
2.1277301827421455,3.108250958199353,0.9805208754572095,1e-07
2.134906360007017,3.1187341295955013,0.9838278695884866,1e-07
2.1420584962998364,3.1291821812306337,0.9871237849307996,1e-07
2.1491868313275146,3.1395954632756755,0.9904087319481628,1e-07
2.1562916006923047,3.149974319905346,0.9936828192130431,1e-07
2.1633730369283692,3.160319090812408,0.9969461538840406,1e-07
2.1704313689983317,3.170630110472215,1.0001988414738852,1e-07
2.177466821600624,3.180907707130863,1.003440985530241,1e-07
2.1844796157846598,3.1911522037038558,1.0066726879191976,1e-07
2.1914699690194177,3.2013639178762903,1.0098940488568742,1e-07
2.1984380952578277,3.211543162196916,1.0131051669390907,1e-07
2.2053842049969568,3.221690244166059,1.0163061391691042,1e-07
2.212308505334005,3.2318054663174154,1.019497060983412,1e-07
2.219211200460714,3.241889126940303,1.0226780264795912,1e-07
2.226092491878335,3.2519415203936943,1.0258491285153613,1e-07
2.2329525774906966,3.261962935781338,1.029010458290643,1e-07
2.239791652142283,3.2719536577378032,1.0321621055955217,1e-07
2.2466099076813593,3.2819139665206927,1.0353041588393355,1e-07
2.2534075330126235,3.291844138087563,1.0384367050749412,1e-07
2.2601847141467752,3.301744444168328,1.0415598300215547,1e-07
2.2669416342469866,3.3116151523331534,1.0446736180861684,1e-07
2.2736784738659512,3.321456526338737,1.047778152472788,1e-07
2.2803954113887444,3.3312688267752595,1.0508735153865174,1e-07
2.2870926222135095,3.341052309869502,1.0539597876559945,1e-07
2.293770279131069,3.350807228039393,1.057037048908326,1e-07
2.300428552404745,3.360533830010616,1.0601053776058729,1e-07
2.3070676098141676,3.370232360880601,1.063164851066436,1e-07
2.313687616696794,3.3799030621791846,1.066215545482393,1e-07
2.3202887359871602,3.389546171925941,1.0692575359387828,1e-07
2.326871128321993,3.3991619247837392,1.0722908964617477,1e-07
2.3334349524587794,3.408750552670196,1.0753157002114186,1e-07
2.3399803647223525,3.418312283949241,1.0783320192268901,1e-07
2.3465075191909133,3.4278473437028523,1.081339924511941,1e-07
2.3530165677923645,3.437355953871793,1.0843394860794302,1e-07
2.359507660340745,3.4468383333088277,1.0873307729680848,1e-07
2.3659809445709428,3.4562946978294393,1.0903138532584984,1e-07
2.3724365661716895,3.4657252602600237,1.0932887940883358,1e-07
2.3788746688352314,3.4751302305104512,1.0962556616752215,1e-07
2.3852953945831574,3.4845098160500476,1.0992145214668922,1e-07
2.3916988834510127,3.493864221446869,1.102165437995858,1e-07
2.398085273522433,3.5031936484175614,1.10510847489513,1e-07
2.4044547010381803,3.5124982959866484,1.1080436949484698,1e-07
2.4108073004266086,3.521778360531034,1.1109711601044274,1e-07
2.4171432043328145,3.5310340358225885,1.1138909314897758,1e-07
2.4234625436464743,3.5402655130688103,1.1168030694223379,1e-07
2.429765447530341,3.5494729809544587,1.1197076334241198,1e-07
2.436052043637712,3.558656625959236,1.1226046823215257,1e-07
2.4423224579942198,3.567816632185102,1.1254942741908842,1e-07
2.44857681491994,3.576953181242491,1.1283764663225524,1e-07
2.454815237144972,3.586066452419151,1.13125131527418,1e-07
2.461037845835052,3.5951566227175618,1.134118876882512,1e-07
2.4672447606161407,3.604223866890858,1.1369792062747188,1e-07
2.473436099598007,3.6132683574772706,1.1398323578792653,1e-07
2.4796119793967843,3.622290264833088,1.1426783854363054,1e-07
2.4857725153182546,3.6312897574003973,1.1455173420821445,1e-07
2.491917821351768,3.6402670016982026,1.1483492803464364,1e-07
2.498048009915377,3.64922216195011,1.1511742520347352,1e-07
2.5041631920398313,3.658155400353116,1.153992308313286,1e-07
2.5102634773893464,3.667066877107937,1.1568034997185923,1e-07
2.5163489742806573,3.675956750446857,1.159607876166201,1e-07
2.522419789701167,3.6848251766602274,1.1624054869590625,1e-07
2.528476029326167,3.693672310121634,1.1651963807954682,1e-07
2.5345177975351527,3.7024983033117187,1.1679806057765676,1e-07
2.54054519742721,3.7113033068406684,1.1707582094134603,1e-07
2.546558330835491,3.7200874694693558,1.1735292386338663,1e-07
2.5525572984714935,3.7288509383201056,1.176293739848614,1e-07
2.558542200499222,3.737593859715451,1.1790517592162308,1e-07
2.5645131354985757,3.746316377663816,1.1818033421652419,1e-07
2.5704702008110982,3.755018634364598,1.184548533553501,1e-07
2.576413492644586,3.763700770360983,1.1872873777163988,1e-07
2.582343106088648,3.772362924562677,1.1900199184740308,1e-07
2.5882591351296016,3.781005234267665,1.192746199138065,1e-07
2.5941616726647148,3.789627835183014,1.1954662625183012,1e-07
2.600050810515773,3.798230861444699,1.1981801509289274,1e-07
2.605926639441999,3.806814445636467,1.2008879061944693,1e-07
2.611789249152299,3.815378718807734,1.2035895696554368,1e-07
2.6176387283223876,3.8239238104986004,1.2062851821762148,1e-07
2.623475165011506,3.8324498493486026,1.2089747843370988,1e-07
2.6292986462815553,3.840956962540334,1.2116584162587807,1e-07
2.6351092580341877,3.8494452755614605,1.2143361175272749,1e-07
2.6409070852204097,3.857914912510919,1.217007927290511,1e-07
2.646692211853279,3.86636599611746,1.2196738842641832,1e-07
2.652464721020109,3.8747986477574843,1.222334026737377,1e-07
2.6582246948941886,3.883212987472153,1.2249883925779665,1e-07
2.6639722147460088,3.8916091339837986,1.2276370192377917,1e-07
2.6697073609540074,3.899987204711612,1.2302799437576066,1e-07
2.675430213014818,3.9083473157866213,1.232917202771805,1e-07
2.681140849553038,3.916689582065956,1.2355488325129202,1e-07
2.686839348459107,3.925014117334269,1.238174868875164,1e-07
2.6925257870560104,3.933321034547257,1.2407953474912485,1e-07
2.6982002416162634,3.9416104451260594,1.243410303509798,1e-07
2.7038627875946,3.949882459297178,1.24601977170258,1e-07
2.7095134996527075,3.958137186128607,1.2486237864759016,1e-07
2.7151524516693804,3.9663747335446686,1.25122238187529,1e-07
2.720779716750321,3.974595208340329,1.2538155915900093,1e-07
2.726395367237576,3.982798716194982,1.2564034489574076,1e-07
2.7319994747186094,3.9909853616857083,1.2589859869671005,1e-07
2.737592110035023,3.9991552483000086,1.261563238264987,1e-07
2.7431733432909082,4.007308478448006,1.2641352351571,1e-07
2.7487432438789825,4.0154451535006315,1.2667020096216504,1e-07
2.754301880712549,4.023565374128467,1.2692635934159207,1e-07
2.759849321916166,4.03166923984988,1.2718200179337165,1e-07
2.7653856348699972,4.0397568490958,1.2743713142258044,1e-07
2.7709108862781173,4.047828299309506,1.27691751303139,1e-07
2.7764251421769726,4.055883686958985,1.2794586447820144,1e-07
2.78192846794356,4.063923107548884,1.2819947396053266,1e-07
2.7874209283033413,4.071946655632067,1.284525827328728,1e-07
2.7929025873378825,4.079954424820775,1.2870519374828946,1e-07
2.7983735084922188,4.087946507797386,1.2895730993051693,1e-07
2.803833754581951,4.095922996324783,1.292089341742834,1e-07
2.8092833878000683,4.103883981256319,1.2946006934562522,1e-07
2.8147224698313975,4.111829552703007,1.2971071828716112,1e-07
2.8201510618334633,4.119759800005564,1.2996088381721025,1e-07
2.8255692242716957,4.127674811493673,1.302105687221979,1e-07
2.830977017030664,4.135574674648479,1.304597757617817,1e-07
2.8363744994214892,4.143459476113417,1.3070850766919297,1e-07
2.8417617301887077,4.151329301704239,1.3095676715155329,1e-07
2.8471387675169355,4.1591842364187475,1.3120455689018131,1e-07
2.852505669037316,4.167024364446215,1.3145187954089008,1e-07
2.857862491833765,4.174849769176512,1.3169873773427483,1e-07
2.8632092924490067,4.1826605332089155,1.3194513407599102,1e-07
2.868546126890397,4.190456738360624,1.3219107114702286,1e-07
2.8738730506609054,4.198238465712012,1.3243655150511078,1e-07
2.8791901188659694,4.206005795762727,1.3268157768967594,1e-07
2.8844973860250325,4.213758808156381,1.3292615221313506,1e-07
2.88979490614041,4.22149758178115,1.3317027756407414,1e-07
2.8950827327186346,4.229222194800952,1.3341395620823193,1e-07
2.9003609187762485,4.236932724663918,1.3365719058876713,1e-07
2.9056295168454316,4.244629248110606,1.3389998312651752,1e-07
2.9108885789794745,4.252311841181995,1.341423362202522,1e-07
2.9161381567580817,4.259980579227242,1.3438425224691615,1e-07
2.9213783012925223,4.267635536911194,1.3462573356186733,1e-07
2.9266090632306123,4.275276788221676,1.348667824991065,1e-07
2.931830492763786,4.2829044064798145,1.35107401371603,1e-07
2.937042639764958,4.290518464541434,1.3534759247764778,1e-07
2.9422455536428647,4.298119034584275,1.3558735809414117,1e-07
2.9474392833022653,4.305706188049851,1.3582670047475873,1e-07
2.952623877214973,4.313279995747217,1.3606562185322453,1e-07
2.957799383424407,4.320840527859615,1.36304124443521,1e-07
2.962965849550006,4.328387853950929,1.365422104400924,1e-07
2.9681233227914925,4.335922042971902,1.3677988201804108,1e-07
2.9732718499329893,4.343443163266162,1.3701714133331742,1e-07
2.9784114773469965,4.350951282576025,1.3725399052290304,1e-07
2.9835422509982177,4.358446468048085,1.3749043170498696,1e-07
2.988664216447242,4.365928786238596,1.3772646697913553,1e-07
2.9937774188540813,4.373398303118633,1.379620984264553,1e-07
2.9988819029815605,4.380855084079052,1.381973281097493,1e-07
3.003977713198565,4.388299193935229,1.3843215807366653,1e-07
3.009064893483137,4.395730696931585,1.3866659034484499,1e-07
3.0141434874489965,4.40314965678033,1.3890062693313343,1e-07
3.019213538712361,4.410556137197318,1.3913426984849586,1e-07
3.0242750903618822,4.4179502011277245,1.393675210765844,1e-07
3.0293281850084846,4.425331910818844,1.396003825810361,1e-07
3.0343728649063677,4.432701327996858,1.3983285630904916,1e-07
3.039409171956627,4.440058513872121,1.400649441915496,1e-07
3.0444371477107666,4.447403529144297,1.4029664814335325,1e-07
3.0494568333741063,4.454736434007334,1.4052797006332285,1e-07
3.0544682698090884,4.462057288154289,1.4075891183452016,1e-07
3.0594714975384703,4.469366150782003,1.4098947532435342,1e-07
3.064466556748422,4.4766630805956185,1.4121966238471986,1e-07
3.0694534872915096,4.48394813581294,1.4144947485214325,1e-07
3.0744323286895803,4.4912213741686475,1.4167891454790689,1e-07
3.079403120136538,4.498482852918351,1.4190798327818144,1e-07
3.0843659005010147,4.505732628842495,1.421366828341481,1e-07
3.0893207083289376,4.5129707582501055,1.4236501499211691,1e-07
3.0942675818826335,4.520197297035918,1.4259298151532869,1e-07
3.09920655937377,4.527412301020666,1.4282058416468981,1e-07
3.1041376785476267,4.534615825343765,1.4304782467961408,1e-07
3.109060976799482,4.541807924633342,1.4327470478338622,1e-07
3.1139764912274734,4.548988653083449,1.435012261855978,1e-07
3.1188842586354846,4.556158064458286,1.4372739058228032,1e-07
3.1237843155359544,4.563316212096299,1.439531996560347,1e-07
3.1286766981526113,4.570463148914181,1.4417865507615715,1e-07
3.133561442423126,4.5775989274107385,1.444037584987615,1e-07
3.1384385840016877,4.5847235996706655,1.44628511566898,1e-07
3.1433081582615046,4.5918372173681865,1.4485291591066836,1e-07
3.1481702002972245,4.598939831770597,1.4507697314733747,1e-07
3.153024744927278,4.606031493741689,1.4530068488144132,1e-07
3.157871826696143,4.6131122537450535,1.4552405270489133,1e-07
3.1627114798765357,4.6201821618472865,1.4574707819707533,1e-07
3.167543738471518,4.627241267721062,1.4596976292495467,1e-07
3.1723686362651815,4.634289620719179,1.461921084454,1e-07
3.1771862069574075,4.641327270071417,1.464141163114012,1e-07
3.1819964838512953,4.648354264427926,1.466357880576633,1e-07
3.1867994999782736,4.6553706520419915,1.46857125206372,1e-07
3.191595288120149,4.6623764808022425,1.4707812926820958,1e-07
3.196383880811453,4.6693717982360825,1.472988017424632,1e-07
3.201165310341731,4.676356651513033,1.4751914411713039,1e-07
3.2059396087577796,4.683331087447997,1.4773915786902203,1e-07
3.2107068078658183,4.690295152504441,1.4795884446386252,1e-07
3.215466939233612,4.697248892797485,1.4817820535638757,1e-07
3.220220034192529,4.704192354096918,1.4839724199043907,1e-07
3.2249661238395473,4.711125581830119,1.4861595579905742,1e-07
3.2297052390391983,4.718048621084908,1.4883434820457127,1e-07
3.2344374104254547,4.724961516612297,1.4905242061868447,1e-07
3.239162668403565,4.731864312829168,1.4927017444256052,1e-07
3.243881043151824,4.738757053820864,1.4948761106690425,1e-07
3.2485925646766898,4.745639783421706,1.4970473187450177,1e-07
3.253297262863358,4.752512545288866,1.49921538242551,1e-07
3.257995167279387,4.759375382615508,1.5013803153361223,1e-07
3.262686307273525,4.7662283382751465,1.5035421310016235,1e-07
3.2673707119830215,4.773071454832337,1.505700842849318,1e-07
3.2720484103355503,4.779904774545479,1.5078564642099301,1e-07
3.276719431051081,4.786728339369549,1.5100090083184696,1e-07
3.281383802643713,4.793542190958785,1.5121584883150745,1e-07
3.286041553423466,4.8003463706693,1.5143049172458363,1e-07
3.2906927114980222,4.807140919561624,1.516448308063604,1e-07
3.2953373047744297,4.813925878403197,1.5185886736287688,1e-07
3.2999753609607625,4.820701287670788,1.520726026710028,1e-07
3.304606907567731,4.827467187552858,1.5228603799851288,1e-07
3.3092319719102585,4.834223617951849,1.5249917460415932,1e-07
3.3138505811090067,4.840970618486426,1.5271201373774217,1e-07
3.3184627620918596,4.8477082284936355,1.529245566401778,1e-07
3.3230685416518937,4.854436487113594,1.5313680454617014,1e-07
3.3276679464398167,4.861155433278439,1.5334875868386244,1e-07
3.332261002854692,4.8678651055527045,1.535604202698014,1e-07
3.3368477371128065,4.8745655422339125,1.537717905121108,1e-07
3.341428175249899,4.881256781355841,1.5398287061059435,1e-07
3.346002343122742,4.887938860690824,1.541936617568083,1e-07
3.3505702664106876,4.894611817752016,1.5440416513413298,1e-07
3.355131970617183,4.901275689795606,1.5461438191784245,1e-07
3.359687481071254,4.907930513822982,1.5482431327517292,1e-07
3.3642368229289503,4.914576326582842,1.5503396036538934,1e-07
3.3687800211747625,4.921213164573268,1.552433243398507,1e-07
3.3733171006230003,4.927841064043735,1.5545240634207367,1e-07
3.3778480859191453,4.93446006099709,1.5566120750779464,1e-07
3.382373001541164,4.941070191191467,1.558697289650305,1e-07
3.3868918718007874,4.947671490142161,1.5607797183413759,1e-07
3.391404720844894,4.954263993123644,1.562859372278752,1e-07
3.3959115727133793,4.960847735254104,1.5649362625407268,1e-07
3.4004124512923597,4.967422751427084,1.567010400134727,1e-07
3.4049073802710508,4.973989076248491,1.5690817959774417,1e-07
3.4093963831821394,4.980546744095565,1.5711504609134275,1e-07
3.4138794834031234,4.987095789118845,1.573216405715724,1e-07
3.418356704157619,4.993636245244076,1.5752796410864596,1e-07
3.4228280685166546,5.000168146174096,1.5773401776574436,1e-07
3.427293599399927,5.006691525390674,1.5793980259907487,1e-07
3.431753319577038,5.013206416156315,1.5814531965792793,1e-07
3.4362072516687054,5.019712851516032,1.5835056998473287,1e-07
3.4406554181479434,5.026210864299066,1.585555546151125,1e-07
3.4450978413412243,5.032700487120588,1.587602745779365,1e-07
3.4495345434296087,5.039181752383342,1.589647308953736,1e-07
3.453965546449852,5.045654692279274,1.591689245829424,1e-07
3.4583908722954853,5.052119338791098,1.5937285664956145,1e-07
3.4628105427203226,5.058575723697427,1.5957652809771063,1e-07
3.467224579419096,5.065023878690566,1.597799399271472,1e-07
3.471633003921297,5.071463835221431,1.599830931300136,1e-07
3.4760358375839284,5.077895624488962,1.6018598869050353,1e-07
3.4804331016281598,5.084319277493669,1.6038862758655106,1e-07
3.4848248171403675,5.090734825039151,1.605910107898786,1e-07
3.489211005073157,5.097142297733595,1.6079313926604402,1e-07
3.4935916862463583,5.103541725991221,1.6099501397448648,1e-07
3.497966881347998,5.109933140033708,1.6119663586857125,1e-07
3.5023366109352496,5.116316569891583,1.6139800589563353,1e-07
3.5067008954353605,5.12269204540557,1.6159912499702114,1e-07
3.511059755146554,5.129059596227912,1.6179999410813604,1e-07
3.51541321023891,5.1354192518236585,1.6200061415847502,1e-07
3.519761280755221,5.141771041471911,1.622009860716691,1e-07
3.524103986611827,5.148114994267043,1.6240111076552188,1e-07
3.528441347599421,5.154451139119889,1.6260098915204697,1e-07
3.5327733833838413,5.160779504758881,1.6280062213750413,1e-07
3.537100113506831,5.167100119731175,1.6300001062243452,1e-07
3.541421557386781,5.173413012403728,1.6319915550169488,1e-07
3.545737734319443,5.179718210964345,1.6339805766449036,1e-07
3.5500486634786266,5.186015743422691,1.6359671799440665,1e-07
3.5543543639168673,5.192305637611273,1.637951373694408,1e-07
3.558654854570864,5.198587921193379,1.6399331666225172,1e-07
3.5629501544639983,5.204862621958926,1.6419125674949293,1e-07
3.567240282447358,5.2111297674461365,1.6438895849987816,1e-07
3.5715252571615523,5.217389384885767,1.6458642277242168,1e-07
3.575805097135021,5.223641501344705,1.6478365042096863,1e-07
3.5800798207848614,5.229886143727191,1.6498064229423315,1e-07
3.584349446417645,5.236123338776003,1.6517739923583608,1e-07
3.5886139922302145,5.242353113073628,1.6537392208434158,1e-07
3.5928734763104644,5.248575493043393,1.655702116732932,1e-07
3.597127916638105,5.254790504950592,1.6576626883124899,1e-07
3.6013773310854105,5.260998174903569,1.6596209438181606,1e-07
3.6056217374179473,5.267198528854786,1.6615768914368412,1e-07
3.60986115329529,5.273391592601872,1.6635305393065842,1e-07
3.614095596271714,5.27957739178863,1.665481895516918,1e-07
3.6183250837968797,5.2857559519060375,1.6674309681091604,1e-07
3.6225496332164924,5.2919272982932135,1.6693777650767236,1e-07
3.626769261772949,5.29809145613836,1.6713222943654136,1e-07
3.630983986605967,5.304248450479681,1.6732645638737167,1e-07
3.635193824753198,5.310398306206281,1.6752045814530858,1e-07
3.6393987931508205,5.31654104805903,1.6771423549082114,1e-07
3.643598908634121,5.322676700631408,1.67907789199729,1e-07
3.6477941879380555,5.3288052883703365,1.6810112004322828,1e-07
3.651984647700162,5.334926835580418,1.682942287880258,1e-07
3.6561703045961793,5.341041366622065,1.6848711620258883,1e-07
3.660351175175393,5.347148905670963,1.686797830495572,1e-07
3.664527275822222,5.3532494766619525,1.6887223008397327,1e-07
3.66869862282746,5.359343103393106,1.6906445805656487,1e-07
3.6728652323889417,5.3654298095267,1.6925646771377603,1e-07
3.6770271206121983,5.371509618590166,1.6944825979779705,1e-07
3.6811843035110945,5.377582553977033,1.6963983504659412,1e-07
3.685336797008459,5.383648638947838,1.698311941939381,1e-07
3.6894846169366997,5.389707896631028,1.7002233796943307,1e-07
3.6936277790384056,5.395760350023842,1.7021326709854394,1e-07
3.6977662989669393,5.401806021993175,1.7040398230262384,1e-07
3.701900192287014,5.407844935276418,1.7059448429894064,1e-07
3.7060294744752613,5.41387711248229,1.7078477380070318,1e-07
3.7101541609207813,5.419902576091645,1.709748515170866,1e-07
3.714274266925686,5.425921348458257,1.7116471815325733,1e-07
3.718389807705628,5.4319334518096,1.7135437441039751,1e-07
3.722500798390314,5.437938908247598,1.7154382098572865,1e-07
3.7266072540240103,5.443937739749357,1.7173305857253494,1e-07
3.730709189566034,5.44992996816789,1.7192208786018581,1e-07
3.73480661989123,5.455915615232807,1.7211090953415797,1e-07
3.738899559790439,5.461894702551006,1.72299524276057,1e-07
3.742988023972143,5.467867251609071,1.7248793276369314,1e-07
3.747072027160311,5.473833283916211,1.726761356755903,1e-07
3.7511515839822214,5.479792820840385,1.728641336858166,1e-07
3.7552267089305955,5.485745883552986,1.7305192746223934,1e-07
3.7592974164193524,5.491692493110294,1.732395176690945,1e-07
3.76336372078415,5.497632670454262,1.7342690496701145,1e-07
3.76742563628292,5.503566436413294,1.736140900130377,1e-07
3.7714831770963877,5.509493811703014,1.7380107346066294,1e-07
3.775536357328591,5.5154148169270165,1.739878559598428,1e-07
3.7795851910073837,5.521329472577603,1.7417443815702223,1e-07
3.7836296920849333,5.527237799036512,1.7436082069515813,1e-07
3.787669874438205,5.533139816575623,1.745470042137421,1e-07
3.7917057518694444,5.539035545357664,1.7473298934882224,1e-07
3.79573733810664,5.544925005436885,1.749187767330248,1e-07
3.7997646468039874,5.550808216759738,1.7510436699557537,1e-07
3.803787691542338,5.556685199165532,1.7528976076231964,1e-07
3.807806485829639,5.562555972387073,1.7547495865574365,1e-07
3.811821043101366,5.568420556051301,1.7565996129499375,1e-07
3.815831376720945,5.574278969679902,1.75844769295896,1e-07
3.819837499980166,5.580131232689916,1.760293832709753,1e-07
3.8238394260995863,5.5859773643943225,1.7621380382947394,1e-07
3.827837168228926,5.591817384002621,1.7639803157736977,1e-07
3.831830739447972,5.597651310622148,1.7658206711741797,1e-07
3.8358201528327034,5.603479163354683,1.7676591105219823,1e-07
3.8398054213843245,5.6093009611927656,1.7694956398084436,1e-07
3.8437865579961557,5.615116722971339,1.771330264975186,1e-07
3.8477635754946338,5.620926467427641,1.7731629919330103,1e-07
3.851736486639759,5.6267302132018555,1.7749938265621001,1e-07
3.855705304125528,5.632527978837748,1.7768227747122238,1e-07
3.8596700405803674,5.638319782783298,1.7786498422029335,1e-07
3.8636307085675576,5.644105643391313,1.7804750348237586,1e-07
3.867587320585646,5.649885578920041,1.7822983583343983,1e-07
3.871539889068858,5.6556596075337655,1.7841198184649107,1e-07
3.8754884263874985,5.661427747303393,1.7859394209158972,1e-07
3.879432944848349,5.667190016207031,1.7877571713586853,1e-07
3.8833734566950535,5.6729464321305585,1.7895730754355077,1e-07
3.8873099741085015,5.678697012868176,1.7913871387596774,1e-07
3.8912425092072023,5.68444177612296,1.7931993669157607,1e-07
3.8951710740476506,5.690180739507394,1.795009765459746,1e-07
3.8990956806246895,5.695913920543897,1.796818339919211,1e-07
3.903016340871862,5.701641336665342,1.798625095793484,1e-07
3.9069330666617574,5.707363005215559,1.8004300385538043,1e-07
3.910845869806353,5.71307894344983,1.8022331736434798,1e-07
3.9147547620573433,5.718789168535378,1.8040345064780376,1e-07
3.9186597551066717,5.724493697552139,1.8058340424454704,1e-07
3.922560860633062,5.730192547560737,1.807631786927678,1e-07
3.92645809025575,5.735885735534895,1.8094277452791472,1e-07
3.9303514555052925,5.741573278318787,1.8112219228134983,1e-07
3.934240967855057,5.747255192673053,1.8130143248179982,1e-07
3.9381266387215947,5.752931495275321,1.8148049565537296,1e-07
3.942008479464996,5.758602202720752,1.8165938232557581,1e-07
3.9458865013892512,5.764267331522544,1.8183809301332952,1e-07
3.9497607157425976,5.7699268981124545,1.8201662823698601,1e-07
3.9536311337178645,5.775580918841301,1.8219498851234395,1e-07
3.9574977664528173,5.781229409979458,1.8237317435266434,1e-07
3.9613606250304874,5.786872387717344,1.82551186268686,1e-07
3.9652197204795034,5.792509868165907,1.8272902476864066,1e-07
3.969075063774415,5.798141867357091,1.8290669035826794,1e-07
3.9729266658360114,5.803768401244308,1.8308418354082998,1e-07
3.9767745375316337,5.80938948570289,1.8326150481712593,1e-07
3.9806186896754827,5.815005136530541,1.8343865468550606,1e-07
3.984459133028923,5.820615369447778,1.8361563364188582,1e-07
3.988295878300779,5.826220200098369,1.8379244217975936,1e-07
3.9921289361476244,5.831819644049752,1.8396908079021306,1e-07
3.9959583171740722,5.837413716793457,1.8414554996193877,1e-07
3.999784031933054,5.843002433745518,1.843218501812467,1e-07
4.003606090926159,5.848585810246964,1.8449798193208096,1e-07
4.007424504636627,5.854163861612026,1.8467394569754034,1e-07
4.011239283499405,5.8597366030843805,1.8484974195849788,1e-07
4.015050437875738,5.865304049800037,1.8502537119243028,1e-07
4.018857978077643,5.870866216823095,1.8520083387454567,1e-07
4.022661914368213,5.876423119146188,1.853761304777978,1e-07
4.026462256961927,5.8819747716909205,1.8555126147289978,1e-07
4.030259016024931,5.887521189308305,1.8572622732833775,1e-07
4.034052201675344,5.893062386779185,1.8590102851038446,1e-07
4.037841823983542,5.898598378814663,1.8607566548311247,1e-07
4.041627892972437,5.904129180056506,1.862501387084072,1e-07
4.045410418617767,5.909654805077563,1.8642444864597998,1e-07
4.049189410848359,5.915175268382161,1.8659859575338054,1e-07
4.052964879546414,5.920690584406508,1.867725804860098,1e-07
4.056736834547764,5.926200767519079,1.8694640329713192,1e-07
4.060505285642142,5.931705832021005,1.8712006463788666,1e-07
4.064270242573437,5.937205792146446,1.872935649573012,1e-07
4.068031715039953,5.942700662062967,1.874669047023019,1e-07
4.071789712694653,5.948190455871909,1.8764008431772592,1e-07
4.075544245145418,5.953675187608739,1.8781310424633253,1e-07
4.079295321955273,5.959154871243412,1.8798596492881436,1e-07
4.083042952642641,5.96462952068072,1.881586668038083,1e-07
4.0867871466815835,5.97009914976065,1.8833121030790703,1e-07
4.090527913540377,5.975563772314741,1.8850359587743672,1e-07
4.094265262647263,5.981023402116044,1.8867582394687843,1e-07
4.0979992033551556,5.986478052827573,1.8884789494724215,1e-07
4.101729744974204,5.99192773804987,1.8901980930756694,1e-07
4.105456896772023,5.997372471321339,1.8919156745493189,1e-07
4.109180667973937,6.002812266118604,1.8936316981446708,1e-07
4.112901067763204,6.008247135856842,1.8953461680936416,1e-07
4.116618105281248,6.013677093890114,1.8970590886088694,1e-07
4.120331789627882,6.019102153511696,1.8987704638838165,1e-07
4.124042129861531,6.024522327954397,1.9004802980928706,1e-07
4.12774913499944,6.029937630390882,1.9021885953914461,1e-07
4.131452814017898,6.035348073933975,1.9038953599160813,1e-07
4.135153175852441,6.040753671636971,1.9056005957845343,1e-07
4.1388502293980585,6.046154436493934,1.907304307095879,1e-07
4.142543983509396,6.051550381439989,1.9090064979305965,1e-07
4.14623444700095,6.056941519351614,1.9107071723506677,1e-07
4.1499216286472675,6.062327863046926,1.9124063343996618,1e-07
4.1536055371831315,6.067709425285954,1.9141039881028252,1e-07
4.157286181303751,6.073086218770913,1.9158001374671658,1e-07
4.160963569664941,6.078458256146477,1.917494786481539,1e-07
4.164637710883304,6.08382555000003,1.9191879391167295,1e-07
4.1683086135364045,6.089188112861933,1.9208795993255317,1e-07
4.171976286162942,6.094545957205768,1.9225697710428298,1e-07
4.175640737262916,6.099899095448588,1.9242584581856752,1e-07
4.179301975297794,6.105247539951152,1.9259456646533608,1e-07
4.182960008690669,6.110591303018162,1.9276313943274967,1e-07
4.1866148458264165,6.115930396898494,1.9293156510720808,1e-07
4.1902664950518504,6.121264833785418,1.930998438733571,1e-07
4.1939149646758676,6.126594625816817,1.9326797611409525,1e-07
4.197560262969598,6.1319197850754,1.9343596221058053,1e-07
4.201202398183517,6.137240323613706,1.9360380254301919,1e-07
4.204841378659797,6.142556253618225,1.9377149749584313,1e-07
4.208477212612124,6.147867587087754,1.939390474475633,1e-07
4.21210990818998,6.153174335927296,1.9410645277373177,1e-07
4.215739473507597,6.158476511990357,1.9427371384827632,1e-07
4.219365916644145,6.163774127079233,1.9444083104350898,1e-07
4.222989245643927,6.169067192945272,1.9460780473013484,1e-07
4.22660946851655,6.1743557212891504,1.9477463527726036,1e-07
4.230226593237119,6.1796397237611345,1.9494132305240177,1e-07
4.233840627746407,6.184919211961337,1.9510786842149335,1e-07
4.237451579951031,6.190194197439983,1.952742717488954,1e-07
4.241059457723631,6.1954646916976515,1.9544053339740233,1e-07
4.244664268903035,6.200730706185536,1.9560665372825041,1e-07
4.248266021294426,6.205992252305679,1.9577263310112558,1e-07
4.25186472266951,6.211249341411217,1.9593847187417097,1e-07
4.255460380766679,6.216501984806619,1.961041704039944,1e-07
4.2590530032911635,6.221750193747917,1.962697290456757,1e-07
4.262642597915197,6.226993979442935,1.9643514815277403,1e-07
4.266229172278167,6.232233353051512,1.9660042807733484,1e-07
4.269812733986764,6.23746832568573,1.967655691698969,1e-07
4.273393290615132,6.242698908410121,1.9693057177949915,1e-07
4.276970849705018,6.247925112241889,1.9709543625368742,1e-07
4.280545418765906,6.253146948151114,1.97260162938521,1e-07
4.284117005275168,6.258364427060957,1.9742475217857915,1e-07
4.287685616678193,6.263577559847864,1.9758920431696738,1e-07
4.291251260388526,6.268786357341761,1.9775351969532375,1e-07
4.294813943788001,6.273990830326247,1.979176986538249,1e-07
4.298373674226869,6.279190989538786,1.9808174153119207,1e-07
4.3019304590239225,6.284386845670888,1.9824564866469683,1e-07
4.305484305466624,6.289578409368292,1.98409420390167,1e-07
4.309035220811229,6.294765691231146,1.9857305704199206,1e-07
4.312583212327808,6.2999487018797895,1.9873655895519848,1e-07
4.316128287302012,6.305127451957314,1.9889992646553047,1e-07
4.319670452917185,6.310301951957359,1.990631599040177,1e-07
4.323209716325528,6.315472212328073,1.9922625960025473,1e-07
4.326746084649879,6.320638243474705,1.9938922588248287,1e-07
4.33027956498386,6.325800055759828,1.9955205907759717,1e-07
4.333810164392026,6.330957659503555,1.9971475951115323,1e-07
4.337337889910015,6.336111064983751,1.998773275073739,1e-07
4.340862748544688,6.341260282436246,2.000397633891561,1e-07
4.344384747274276,6.346405322055045,2.0020206747807716,1e-07
4.347903893048515,6.351546193992528,2.003642400944016,1e-07
4.351420192788791,6.35668290835966,2.005262815570871,1e-07
4.3549336533882705,6.36181547522618,2.006881921837912,1e-07
4.358444281712039,6.3669439046208085,2.0084997229087733,1e-07
4.36195208459723,6.372068206531434,2.010116221934207,1e-07
4.3654570688531615,6.377188390905307,2.0117314220521476,1e-07
4.368959241261456,6.382304467649221,2.0133453263877676,1e-07
4.372458608576176,6.387416446629709,2.014957938053537,1e-07
4.375955177523938,6.3925243376732155,2.01656926014928,1e-07
4.3794489548040465,6.397628150566277,2.0181792957622333,1e-07
4.382939947088606,6.402727895055702,2.0197880479670993,1e-07
4.386428161022642,6.407823580848741,2.0213955198261018,1e-07
4.389913603224217,6.4129152176132544,2.02300171438904,1e-07
4.3933962802845485,6.418002814977885,2.02460663469334,1e-07
4.396876198768114,6.423086382532218,2.026210283764107,1e-07
4.4003533652127675,6.4281659298269425,2.027812664614178,1e-07
4.403827786129847,6.433241466374012,2.0294137802441687,1e-07
4.407299468004278,6.438313001646799,2.031013633642524,1e-07
4.410768417294681,6.443380545080244,2.0326122277855667,1e-07
4.414234640433471,6.448444106071012,2.034209565637544,1e-07
4.417698143829737,6.453503693981686,2.0358056501519517,1e-07
4.421158933930238,6.4585593182298835,2.0374004842996483,1e-07
4.424617017127511,6.463610988154011,2.038994071026502,1e-07
4.428072399764098,6.468658713019439,2.040586413255344,1e-07
4.431525088157738,6.47370250205531,2.0421775138975744,1e-07
4.434975088601502,6.478742364454725,2.0437673758532258,1e-07
4.438422407363905,6.483778309374918,2.0453560020110153,1e-07
4.441867050689033,6.488810345937432,2.0469433952484017,1e-07
4.44530902479666,6.493838483228297,2.04852955843164,1e-07
4.448748335882364,6.498862730298196,2.050114494415835,1e-07
4.452184990117645,6.503883096162639,2.0516982060449966,1e-07
4.45561899365004,6.5088995898021285,2.0532806961520915,1e-07
4.459050352603234,6.513912220162324,2.054861967559093,1e-07
4.462479073077174,6.5189209961542085,2.0564420230770377,1e-07
4.465905161148177,6.523925926654245,2.0580208655060717,1e-07
4.46932862286904,6.528927020504539,2.0595984976355015,1e-07
4.472749464269148,6.533924286512991,2.061174922243846,1e-07
4.476167691354576,6.538917733453454,2.062750142098882,1e-07
4.479583310108196,6.543907370065886,2.0643241599576934,1e-07
4.482996326489783,6.5488932050564985,2.065896978566719,1e-07
4.486406746436107,6.553875247097904,2.0674686006617997,1e-07
4.489814575861042,6.558853504829261,2.0690390289682217,1e-07
4.493219820655661,6.563827986856422,2.0706082662007645,1e-07
4.496622486688328,6.56879870175207,2.072176315063745,1e-07
4.500022579804801,6.5737656580558586,2.07374317825106,1e-07
4.503420105828321,6.578728864274549,2.0753088584462303,1e-07
4.506815070559706,6.583688328882147,2.076873358322444,1e-07
4.510207479777439,6.588644060320034,2.078436680542598,1e-07
4.513597339237762,6.5935960669970965,2.079998827759337,1e-07
4.516984654674761,6.598544357289855,2.0815598026150965,1e-07
4.520369431800452,6.603488939542592,2.0831196077421428,1e-07
4.523751676318801,6.60842982208783,2.084678245769032,1e-07
4.527131393949407,6.613367013280928,2.0862357193315235,1e-07
4.530508590351647,6.618300521389268,2.0877920310376243,1e-07
4.533883271160045,6.623230354643933,2.089347183483891,1e-07
4.537255441988121,6.628156521245315,2.0909011792571977,1e-07
4.540625108428484,6.633079029363266,2.0924540209347846,1e-07
4.54399227605294,6.63799788713724,2.094005711084303,1e-07
4.5473569504125795,6.642913102676437,2.0955562522638607,1e-07
4.550719137037885,6.647824684059948,2.097105647022066,1e-07
4.5540788414388205,6.652732639336891,2.0986538978980733,1e-07
4.55743606910493,6.657636976526553,2.100201007421626,1e-07
4.560790825505428,6.662537703618526,2.1017469781130997,1e-07
4.564143116089297,6.667434828572841,2.1032918124835462,1e-07
4.567492946285375,6.672328359320106,2.1048355130347343,1e-07
4.5708403215024465,6.677218303761634,2.1063780822591913,1e-07
4.574185247129334,6.6821046697695765,2.107919522640245,1e-07
4.577527728534985,6.686987465187047,2.109459836652066,1e-07
4.580867771068558,6.691866697828258,2.1109990267597034,1e-07
4.584205380059511,6.696742375478636,2.1125370954191287,1e-07
4.587540560817683,6.701614505894952,2.1140740450772726,1e-07
4.590873318633381,6.706483096805442,2.1156098781720645,1e-07
4.594203658777461,6.711348155909929,2.11714459713247,1e-07
4.59753158650141,6.7162096908799365,2.1186782043785293,1e-07
4.600857107037424,6.721067709358814,2.1202107023213927,1e-07
4.6041802255984905,6.725922218961847,2.121742093363359,1e-07
4.607500947378465,6.730773227276372,2.1232723798979096,1e-07
4.6108192775521495,6.735620741861892,2.1248015643097453,1e-07
4.6141352212753635,6.740464770250181,2.126329648974821,1e-07
4.617448783685026,6.745305319945403,2.12785663626038,1e-07
4.620759969899223,6.750142398424206,2.1293825285249866,1e-07
4.6240687850173705,6.75497601313597,2.1309073281186026,1e-07
4.627375234147077,6.7598061715420386,2.1324310373949653,1e-07
4.630679322376288,6.764632881075035,2.1339536586987493,1e-07
4.633981054755444,6.769456149112788,2.1354751943573467,1e-07
4.637280436316971,6.774275983006814,2.1369956466898468,1e-07
4.640577472075359,6.7790923900824325,2.1385150180070767,1e-07
4.6438721670272525,6.783905377638886,2.1400333106116363,1e-07
4.647164526151528,6.788714952949463,2.1415505267979382,1e-07
4.6504545544093725,6.793521123261614,2.1430666688522444,1e-07
4.653742256744369,6.79832389579707,2.1445817390527036,1e-07
4.657027638082572,6.803123277751956,2.146095739669387,1e-07
4.660310703332587,6.807919276296909,2.1476086729643247,1e-07
4.663591457385648,6.812711898577187,2.1491205411915417,1e-07
4.666869905115694,6.817501151712784,2.150631346597093,1e-07
4.670146051379444,6.822287042798538,2.1521410914190975,1e-07
4.673419901016474,6.827069578904246,2.1536497778877752,1e-07
4.67669145884929,6.8318487670747645,2.155157408225478,1e-07
4.6799607296833985,6.836624614330122,2.1566639846467264,1e-07
4.683227718307385,6.841397127665623,2.1581695093582405,1e-07
4.6864924294929775,6.846166314051949,2.1596739845589745,1e-07
4.6897548679951235,6.850932180435269,2.161177412440148,1e-07
4.693015038552058,6.8556947337373355,2.1626797951852796,1e-07
4.696272945885372,6.860453980855586,2.1641811349702165,1e-07
4.699528594700077,6.865209928663241,2.165681433963168,1e-07
4.702781989684677,6.869962584009409,2.1671806943247347,1e-07
4.706033135511235,6.874711953719173,2.168678918207941,1e-07
4.709282036835435,6.8794580445936955,2.1701761077582638,1e-07
4.712528698296648,6.884200863410306,2.1716722651136613,1e-07
4.715773124517995,6.888940416922597,2.1731673924046047,1e-07
4.719015320106411,6.893676711860515,2.174661491754106,1e-07
4.722255289652709,6.898409754930451,2.176154565277745,1e-07
4.725493037735462,6.9031395528209245,2.177646615085466,1e-07
4.72872856894108,6.907866112231899,2.17913764329082,1e-07
4.731961887821941,6.912589439813616,2.1806276519916774,1e-07
4.735192998910224,6.917309542186823,2.182116643276601,1e-07
4.738421906722632,6.922026425949648,2.183604619227019,1e-07
4.74164861576045,6.926740097677706,2.185091581917258,1e-07
4.744873130509625,6.931450563924195,2.186577533414573,1e-07
4.748095455440824,6.936157831220003,2.1880624757791813,1e-07
4.751315595009509,6.940861906073796,2.1895464110642897,1e-07
4.754533553655999,6.945562794972124,2.191029341316128,1e-07
4.757749335805534,6.95026050437951,2.1925112685739783,1e-07
4.7609629458683465,6.954955040738549,2.1939921948702055,1e-07
4.76417438823972,6.959646410470003,2.1954721222302855,1e-07
4.767383667300056,6.96433461997289,2.1969510526728366,1e-07
4.770590787414936,6.9690196756245815,2.1984289882096477,1e-07
4.773795752935184,6.973701583780889,2.1999059308457065,1e-07
4.776998568196929,6.978380350776156,2.2013818825792297,1e-07
4.780199237521665,6.983055982923351,2.2028568454016884,1e-07
4.783397765216311,6.987728486514147,2.2043308212978383,1e-07
4.7865941555732725,6.992397867819017,2.205803812245747,1e-07
4.7897884128705,6.997064133087317,2.20727582021682,1e-07
4.792980541371548,7.001727288547373,2.208746847175828,1e-07
4.796170545325629,7.006387340406561,2.2102168950809347,1e-07
4.799358428967675,7.011044294851394,2.211685965883721,1e-07
4.802544196518395,7.015698158047606,2.2131540615292136,1e-07
4.805727852184323,7.020348936140229,2.2146211839559085,1e-07
4.808909400157881,7.024996635253676,2.2160873350957973,1e-07
4.812088844617431,7.029641261491821,2.2175525168743917,1e-07
4.8152661897273275,7.034282820938075,2.2190167312107496,1e-07
4.8184414396379704,7.038921319655465,2.2204799800174975,1e-07
4.8216145984858585,7.043556763686712,2.221942265200856,1e-07
4.824785670410431,7.048189159078828,2.223403588668401,1e-07
4.827954659549456,7.05281851187639,2.224863952326938,1e-07
4.831121570002786,7.057444828068582,2.2263233580657995,1e-07
4.834286405856476,7.0620681136244325,2.2277818077679608,1e-07
4.837449171183153,7.066688374493359,2.2292393033102083,1e-07
4.840609870042073,7.071305616605236,2.2306958465631666,1e-07
4.843768506479167,7.075919845870484,2.23215143939132,1e-07
4.846925084527099,7.080531068180136,2.2336060836530405,1e-07
4.850079608205319,7.085139289405923,2.2350597812006074,1e-07
4.853232081520112,7.089744515400344,2.2365125338802354,1e-07
4.856382508464651,7.094346751996744,2.2379643435320964,1e-07
4.859530893019042,7.09894600500938,2.2394152119903414,1e-07
4.862677239150385,7.103542280233508,2.2408651410831264,1e-07
4.865821550812812,7.10813558344544,2.2423141326326315,1e-07
4.868963831947541,7.112725920402625,2.2437621884550873,1e-07
4.872104086482924,7.117313296843714,2.2452093103607935,1e-07
4.875242318334492,7.121897718488632,2.246655500154143,1e-07
4.878378531405005,7.126479191038644,2.248100759633642,1e-07
4.881512729584496,7.131057720176425,2.249545090591933,1e-07
4.884644916750316,7.135633311566126,2.250988494815813,1e-07
4.887775096767182,7.140205970853438,2.2524309740862587,1e-07
4.890903273487218,7.144775703665656,2.253872530178441,1e-07
4.894029450750001,7.149342515611748,2.2553131648617506,1e-07
4.897153632382602,7.153906412282414,2.2567528798998158,1e-07
4.900275822199632,7.158467399250148,2.2581916770505206,1e-07
4.903396024003279,7.163025482069303,2.259629558066027,1e-07
4.906514241583357,7.167580666276145,2.261066524692791,1e-07
4.909630478717339,7.17213295738892,2.262502578671584,1e-07
4.912744739170398,7.176682360907905,2.26393772173751,1e-07
4.915857026695452,7.181228882315472,2.2653719556200236,1e-07
4.918967345033199,7.1857725270761446,2.2668052820429483,1e-07
4.922075697912154,7.190313300636645,2.2682377027244947,1e-07
4.925182089048691,7.1948512084259635,2.2696692193772763,1e-07
4.928286522147075,7.1993862558554005,2.271099833708329,1e-07
4.931389000899504,7.2039184483186265,2.2725295474191256,1e-07
4.93448952898614,7.20844779119173,2.273958362205594,1e-07
4.937588110075147,7.212974289833275,2.2753862797581315,1e-07
4.940684747822725,7.217497949584344,2.2768133017616234,1e-07
4.943779445873143,7.222018775768596,2.278239429895457,1e-07
4.9468722078587755,7.226536773692309,2.2796646658335367,1e-07
4.949963037400132,7.231051948644429,2.2810890112443,1e-07
4.953051938105891,7.23556430589662,2.282512467790733,1e-07
4.956138913582216,7.2400738507168745,2.283935037134661,1e-07
4.959223967499465,7.244580588466957,2.2853567209674948,1e-07
4.962307103460624,7.2490845244102164,2.2867775209495957,1e-07
4.96538832503904,7.253585663766704,2.2881974387276673,1e-07
4.968467635796943,7.258084011740229,2.2896164759432907,1e-07
4.971545039285486,7.262579573518424,2.291034634232942,1e-07
4.974620539044793,7.267072354272803,2.292451915228014,1e-07
4.9776941386039955,7.271562359158828,2.293868320554836,1e-07
4.980765841481281,7.276049593315968,2.295283851834691,1e-07
4.983835651183928,7.280534061867762,2.296698510683837,1e-07
4.986903571208351,7.2850157699218725,2.298112298713525,1e-07
4.98996960504014,7.289494722570154,2.299525217530018,1e-07
4.9930337561541025,7.293970924888707,2.3009372687346086,1e-07
4.996096028014298,7.298444381937934,2.302348453923639,1e-07
4.9991564240740844,7.302915098762599,2.3037587746885175,1e-07
5.002214947776152,7.307383080391887,2.3051682326157374,1e-07
5.005271602552563,7.311848331839455,2.306576829286895,1e-07
5.008326391824791,7.316310858103492,2.3079845662787046,1e-07
5.011379319003756,7.320770664166772,2.30939144516302,1e-07
5.0144303874898615,7.325227754996706,2.310797467506848,1e-07
5.017479600673037,7.3296821355454,2.3122026348723663,1e-07
5.020526961932766,7.334133810749704,2.313606948816942,1e-07
5.023572474638127,7.338582785531268,2.3150104108931453,1e-07
5.026616142147827,7.34302906479659,2.316413022648767,1e-07
5.029657967810236,7.347472653437069,2.317814785626836,1e-07
5.0326979549634245,7.351913556329054,2.3192157013656325,1e-07
5.035736106935193,7.356351778333896,2.320615771398706,1e-07
5.038772427043111,7.360787324297996,2.3220149972548887,1e-07
5.041806918594543,7.365220199052853,2.3234133804583137,1e-07
5.044839584886687,7.369650407415111,2.3248109225284264,1e-07
5.047870429206607,7.374077954186606,2.3262076249800026,1e-07
5.050899454831261,7.378502844154418,2.327603489323161,1e-07
5.053926665027533,7.3829250820909085,2.3289985170633787,1e-07
5.056952063052269,7.3873446727537715,2.330392709701506,1e-07
5.059975652152301,7.391761620886076,2.3317860687337784,1e-07
5.062997435564479,7.396175931216309,2.333178595651833,1e-07
5.066017416515705,7.400587608458422,2.3345702919427205,1e-07
5.069035598222956,7.404996657311872,2.335961159088919,1e-07
5.072051983893316,7.409403082461661,2.337351198568348,1e-07
5.075066576724004,7.413806888578381,2.338740411854379,1e-07
5.078079379902403,7.4182080803182515,2.3401288004158527,1e-07
5.081090396606081,7.422606662323165,2.341516365717087,1e-07
5.0840996300028305,7.42700263922072,2.342903109217893,1e-07
5.087107083284643,7.431396015673875,2.344289032389235,1e-07
5.09011275964682,7.43578679635042,2.3456741367036025,1e-07
5.093116662235873,7.440174985846869,2.347058423611,1e-07
5.09611879418889,7.444560588745978,2.3484418945570913,1e-07
5.099119158633698,7.448943609616965,2.34982455098327,1e-07
5.102117758688888,7.453324053015561,2.3512063943266757,1e-07
5.105114597463854,7.457701923484059,2.352587426020208,1e-07
5.108109678058826,7.462077225551368,2.3539676474925453,1e-07
5.111103003564903,7.466449963733058,2.355347060168157,1e-07
5.1140945770640895,7.470820142531408,2.356725665467321,1e-07
5.117084401629321,7.475187766435456,2.3581034648061374,1e-07
5.120072480324503,7.479552839921045,2.3594804595965444,1e-07
5.123058816204542,7.48391536745087,2.3608566512463316,1e-07
5.126043412315373,7.488275353474528,2.362232041159157,1e-07
5.1290262716939985,7.492632802428556,2.3636066307345605,1e-07
5.132007397368511,7.496987718736485,2.3649804213679766,1e-07
5.134986792358132,7.50134010680888,2.3663534144507508,1e-07
5.137964459673236,7.505689971043386,2.3677256113701537,1e-07
5.140940402315384,7.510037315824774,2.3690970135093927,1e-07
5.143914623277356,7.514382145524981,2.370467622247628,1e-07
5.146887125543171,7.518724464503154,2.371837438959986,1e-07
5.149857912088129,7.523064277105696,2.37320646501757,1e-07
5.15282698587883,7.527401587666306,2.3745747017874783,1e-07
5.155794349873207,7.531736400506017,2.375942150632813,1e-07
5.158760007020552,7.536068719933246,2.377308812912696,1e-07
5.161723960261547,7.540398550243823,2.3786746899822786,1e-07
5.164686212528288,7.544725895721044,2.3800397831927587,1e-07
5.167646766744316,7.5490507606357005,2.3814040938913883,1e-07
5.170605625824638,7.553373149246126,2.382767623421491,1e-07
5.173562792675763,7.5576930657982295,2.38413037312247,1e-07
5.176518270195718,7.5620105145255385,2.385492344329823,1e-07
5.179472061274082,7.566325499649231,2.386853538375152,1e-07
5.182424168792007,7.570638025378181,2.3882139565861773,1e-07
5.1853745956222435,7.574948095908988,2.3895736002867474,1e-07
5.18832334462917,7.579255715426019,2.3909324707968516,1e-07
5.19127041866881,7.583560888101438,2.3922905694326304,1e-07
5.194215820588864,7.587863618095249,2.393647897506388,1e-07
5.197159553228729,7.592163909555327,2.395004456326602,1e-07
5.200101619419522,7.5964617666174545,2.3963602471979355,1e-07
5.203042021984107,7.60075719340535,2.3977152714212466,1e-07
5.205980763737114,7.605050194030711,2.3990695302936,1e-07
5.2089178474849644,7.609340772593239,2.4004230251082777,1e-07
5.211853276032179,7.613628933189861,2.4017757571576848,1e-07
5.214787052212488,7.617914679960174,2.4031277277476892,1e-07
5.217719178820852,7.622198016987139,2.40447893816629,1e-07
5.220649658636982,7.626478948331441,2.405829389694461,1e-07
5.223578494432776,7.630757478042347,2.4071790836095732,1e-07
5.22650568897234,7.6350336101577465,2.408528021185409,1e-07
5.2294312450120195,7.6393073487041905,2.4098762036921735,1e-07
5.232355165300425,7.643578697696929,2.4112236323965077,1e-07
5.235277452578462,7.64784766113996,2.412570308561502,1e-07
5.238198109579355,7.652114243026058,2.4139162334467064,1e-07
5.241117139028679,7.656378447336822,2.415261408308146,1e-07
5.244034543644382,7.6606402780427105,2.4166058343983314,1e-07
5.246950326136812,7.66489973910308,2.4179495129662714,1e-07
5.249864489208744,7.669156834466226,2.4192924452574847,1e-07
5.252777035555408,7.673411568069418,2.420634632514012,1e-07
5.255687967864512,7.677663943838938,2.4219760759744284,1e-07
5.258597288816266,7.681913965690118,2.4233167768738544,1e-07
5.261505001083413,7.686161637527378,2.4246567364439677,1e-07
5.264411107331248,7.690406963244261,2.425995955913016,1e-07
5.267315610217645,7.694649946723469,2.4273344365058263,1e-07
5.270218512393084,7.698890591836897,2.4286721794438164,1e-07
5.273119816500672,7.703128902445678,2.430009185945009,1e-07
5.276019525176166,7.707364882400203,2.431345457224039,1e-07
5.278917641048003,7.7115985355401655,2.432680994492166,1e-07
5.281814166737314,7.715829865694598,2.4340157989572866,1e-07
5.284709104857958,7.7200588766818985,2.435349871823943,1e-07
5.287602458016537,7.724285572309868,2.436683214293334,1e-07
5.290494228812422,7.728509956375746,2.438015827563327,1e-07
5.293384419837774,7.732732032666237,2.439347712828466,1e-07
5.29627303367757,7.736951804957552,2.4406788712799847,1e-07
5.29916007290962,7.741169277015432,2.442009304105815,1e-07
5.3020455401045945,7.745384452595188,2.4433390124905956,1e-07
5.304929437826041,7.749597335441724,2.444667997615686,1e-07
5.307811768630406,7.753807929289575,2.445996260659172,1e-07
5.31069253506706,7.758016237862937,2.4473238027958795,1e-07
5.313571739678317,7.762222264875694,2.44865062519738,1e-07
5.3164493849994505,7.766426014031452,2.4499767290320036,1e-07
5.31932547355872,7.770627489023565,2.451302115464847,1e-07
5.322200007877389,7.774826693535169,2.452626785657782,1e-07
5.325072990469743,7.779023631239206,2.453950740769466,1e-07
5.327944423843112,7.783218305798459,2.45527398195535,1e-07
5.330814310497888,7.787410720865575,2.4565965103676892,1e-07
5.333682652927547,7.791600880083096,2.457918327155551,1e-07
5.33654945363864,7.795788787112666,2.459239433474027,1e-07
5.339414715132824,7.799974445608777,2.460559830475955,1e-07
5.34227843988695,7.804157859189689,2.4618795193027414,1e-07
5.345140630371223,7.808339031463949,2.4631985010927284,1e-07
5.348001289049219,7.8125179660304225,2.464516776981206,1e-07
5.350860418377914,7.816694666478331,2.46583434810042,1e-07
5.353718020807702,7.820869136387285,2.467151215579585,1e-07
5.356574098782421,7.8250413793273115,2.4684673805448933,1e-07
5.3594286547393715,7.829211398858894,2.4697828441195253,1e-07
5.362281691109344,7.833379198533002,2.47109760742366,1e-07
5.365133210316636,7.83754478189112,2.472411671574486,1e-07
5.367983214779077,7.8417081524652845,2.47372503768621,1e-07
5.370831706908048,7.845869313778112,2.4750377068700673,1e-07
5.3736786891085035,7.850028269342834,2.4763496802343328,1e-07
5.376524163778996,7.854185022663322,2.477660958884329,1e-07
5.37936813331169,7.8583395772341245,2.478971543922437,1e-07
5.3822106000923915,7.862491936540495,2.480281436448106,1e-07
5.385051566500562,7.866642104058422,2.481590637557862,1e-07
5.387891034909343,7.870790083254659,2.4828991483453184,1e-07
5.3907290076855725,7.874935877586755,2.484206969901185,1e-07
5.393565487189811,7.879079490503084,2.485514103313276,1e-07
5.396400475776354,7.883220925442874,2.486820549666522,1e-07
5.39923397579326,7.8873601858362345,2.4881263100429765,1e-07
5.402065989582363,7.891497275104187,2.4894313855218257,1e-07
5.404896519479297,7.895632196658693,2.4907357771793985,1e-07
5.407725567813511,7.899764953902683,2.492039486089175,1e-07
5.410553136908292,7.903895550230082,2.493342513321793,1e-07
5.413379229080782,7.908023989025839,2.4946448599450597,1e-07
5.416203846641995,7.9121502736659535,2.4959465270239605,1e-07
5.419026991896843,7.916274407517504,2.4972475156206637,1e-07
5.42184866714414,7.920396393938671,2.4985478267945336,1e-07
5.4246688746766365,7.9245162362787696,2.4998474616021356,1e-07
5.427487616781026,7.92863393787827,2.5011464210972463,1e-07
5.43030489573797,7.932749502068828,2.5024447063308606,1e-07
5.433120713822107,7.936862932173305,2.503742318351201,1e-07
5.4359350733020815,7.940974231505803,2.5050392582037233,1e-07
5.438747976440551,7.945083403371677,2.5063355269311285,1e-07
5.441559425494208,7.949190451067572,2.5076311255733668,1e-07
5.444369422713796,7.953295377881441,2.508926055167647,1e-07
5.447177970344128,7.95739818709257,2.510220316748445,1e-07
5.4499850706240975,7.961498881971604,2.5115139113475093,1e-07
5.452790725786701,7.965597465780569,2.5128068399938708,1e-07
5.455594938063165,7.9696939417789086,2.514099103715744,1e-07
5.458397709696933,7.9737883132439045,2.515390703546973,1e-07
5.461199042909138,7.97788058342026,2.516681640511123,1e-07
5.46399893991234,7.981970755540145,2.5179719156278058,1e-07
5.466797402913417,7.986058832827434,2.519261529914017,1e-07
5.469594434113594,7.990144818497736,2.520550484384144,1e-07
5.472390035708451,7.994228715758428,2.5218387800499773,1e-07
5.4751842098879555,7.998310527808671,2.5231264179207162,1e-07
5.477976958836465,8.002390257839442,2.5244133990029787,1e-07
5.4807682847327595,8.006467909033569,2.5256997243008104,1e-07
5.483558189750052,8.010543484565742,2.5269853948156915,1e-07
5.486346676056007,8.014616987602553,2.5282704115465466,1e-07
5.489133745812763,8.018688421302516,2.5295547754897525,1e-07
5.491919401176947,8.022757788816092,2.5308384876391457,1e-07
5.4947036442996895,8.026825093285721,2.532121548986032,1e-07
5.497486477326649,8.030890337845841,2.5334039605191925,1e-07
5.500267902398023,8.034953525622917,2.5346857232248947,1e-07
5.5030479216485695,8.039014659735466,2.535966838086898,1e-07
5.505826537207622,8.043073743294082,2.5372473060864613,1e-07
5.508603751199107,8.04713077940146,2.538527128202353,1e-07
5.511379565741562,8.051185771152419,2.5398063054108575,1e-07
5.514153982948149,8.05523872163393,2.5410848386857827,1e-07
5.516927004926677,8.059289633925143,2.542362728998468,1e-07
5.51969863377961,8.0633385110974,2.543639977317792,1e-07
5.522468871604092,8.06738535621427,2.54491658461018,1e-07
5.525237720491957,8.071430172331569,2.5461925518396114,1e-07
5.52800518252975,8.075472962497376,2.5474678799676265,1e-07
