Wm - mg.cm-2,Wr- mg.cm-2,W- mg.cm-2,Ws-mg.cm-2
1e-07,1e-07,1e-07,1e-07
0.0021714812464455105,0.003172117765544824,0.001000736519099314,1e-07
0.0030709224887498525,0.004486048059602318,0.0014152255708524675,1e-07
0.003761087540244264,0.005494261521923647,0.0017332739816793854,1e-07
0.004342924223447591,0.006344225708907311,0.0020014014854597213,1e-07
0.004855532238939012,0.007093058616330263,0.002237626377391252,1e-07
0.0053189637146383,0.007770052984056876,0.0024511892694185746,1e-07
0.005745134385077501,0.008392615668523357,0.0026475812834458557,1e-07
0.006141803627210482,0.008972081796431906,0.002830378169221423,1e-07
0.006514362647580245,0.009516327001303861,0.0030020643537236177,1e-07
0.006866739590327514,0.0100310896319531,0.0031644500416255854,1e-07
0.007201895031374012,0.010520694585002592,0.00331889955362858,1e-07
0.007522131190671764,0.010988505011257832,0.0034664738205860694,1e-07
0.00782927966948534,0.011437196567865685,0.003608016898380345,1e-07
0.008124826641634731,0.011868940301374243,0.003744213659739511,1e-07
0.008409992906886458,0.012285519592087594,0.003875626685201136,1e-07
0.008685801418841017,0.012688428800795407,0.004002727381954389,1e-07
0.008953117130587102,0.01307893147647978,0.004125914345892678,1e-07
0.009212679466000087,0.013458107791345753,0.0042455283253456655,1e-07
0.009465128230932974,0.013826892392653242,0.004361864161720267,1e-07
0.009711015255838071,0.014186091410602165,0.004475176154764092,1e-07
0.009950828174527498,0.014536417195047092,0.004585689020519589,1e-07
0.010184996174493094,0.01487849671573416,0.0046936005412410615,1e-07
0.010413899486055605,0.015212885424330086,0.004799085938274477,1e-07
0.01063787827752981,0.01554008024874171,0.004902301971211898,1e-07
0.010857237569337043,0.01586052677179652,0.005003389202459471,1e-07
0.011072252909181598,0.016174627521707684,0.0051024746125260855,1e-07
0.011283171263319508,0.01648274327406583,0.00519967201074632,1e-07
0.01149021846315808,0.016785203930051208,0.005295085466893128,1e-07
0.011693599813585217,0.01708230940509915,0.005388809591513929,1e-07
0.011893504046006937,0.017374335403613828,0.005480931357606887,1e-07
0.012090102925546945,0.01766153284515384,0.005571529919606891,1e-07
0.012283555921894302,0.01794413468774422,0.005660678765849913,1e-07
0.012474008628809657,0.018222353619044528,0.005748444990234869,1e-07
0.012661597284860588,0.018496388660372384,0.005834891375511795,1e-07
0.012846446526009041,0.018766421883616904,0.005920075357607858,1e-07
0.013028673386180316,0.01903262425538784,0.006004050869207523,1e-07
0.013208386243771738,0.019295154098044432,0.006086867854272694,1e-07
0.013385685767031042,0.019554158470731987,0.0061685727037009445,1e-07
0.013560666682452182,0.01980977575270665,0.006249209070254465,1e-07
0.013733419475583415,0.020062138127926007,0.006328818652342591,1e-07
0.013904026086042328,0.020311365296200087,0.006407439210157758,1e-07
0.01407256455557096,0.02055757126320735,0.006485106707636391,1e-07
0.014239108427807288,0.020800863463663184,0.0065618550358558965,1e-07
0.014403726662735226,0.021041342636345932,0.0066377159736107074,1e-07
0.01456648473535005,0.02127910442905975,0.006712719693709703,1e-07
0.01472744418458443,0.021514238739692465,0.006786894555108036,1e-07
0.01488666337993453,0.02174683083612556,0.006860267456191031,1e-07
0.015044197640678854,0.021976961530392615,0.006932863889713762,1e-07
0.01520009924793352,0.02220470719628999,0.007004707948356466,1e-07
0.015354418003327553,0.022430140585506155,0.0070758225821786,1e-07
0.015507200881084262,0.022653330319371945,0.007146229438287683,1e-07
0.015658492764431802,0.022874341964630795,0.007215949200198991,1e-07
0.015808336684249427,0.02309323838206023,0.0072850016978108015,1e-07
0.01595677396290618,0.023310079936595667,0.007353405973689487,1e-07
0.01610384321266363,0.023524923034167606,0.00742117982150398,1e-07
0.016249581195915686,0.02373782137836531,0.007488340182449628,1e-07
0.016394023536326387,0.023948827009287854,0.007554903472961471,1e-07
0.016537204519829592,0.024157990012838623,0.007620885493009032,1e-07
0.016679156659852184,0.024365357885590525,0.007686301225738339,1e-07
0.01681991066647429,0.024570975489734338,0.007751164823260046,1e-07
0.01695949642542993,0.024774886483231746,0.007815490057801815,1e-07
0.017097942733724922,0.024977132933598167,0.007879290199873242,1e-07
0.01723527719180177,0.025177755160374016,0.00794257796857225,1e-07
0.017371525862787285,0.025376791237343644,0.008005365374556359,1e-07
0.017506714101676573,0.025574278203831683,0.008067664102155108,1e-07
0.017640866388951192,0.0257702518216476,0.008129485432696407,1e-07
0.017774006324037556,0.02596474656552952,0.008190840241491965,1e-07
0.017906156299557885,0.026157795147280415,0.008251738847722533,1e-07
0.018037338041085853,0.026349429304259063,0.008312191263173209,1e-07
0.018167572577720215,0.02653967975639313,0.008372207178672915,1e-07
0.01829688024633466,0.0267285762123875,0.00843179596605284,1e-07
0.018425280467088582,0.026916147041783786,0.008490966574695204,1e-07
0.01855279202552635,0.027102419687059235,0.008549727661532884,1e-07
0.018679433150523245,0.027287420777492487,0.00860808762696924,1e-07
0.018805221502494304,0.027471176111938687,0.008666054609444383,1e-07
0.018930173968953058,0.02765371036017567,0.008723636391222611,1e-07
0.019054306859884577,0.027835047348310653,0.008780840488426075,1e-07
0.019177636106456415,0.028015210349063062,0.008837674242606647,1e-07
0.01930017718687982,0.028194221973460387,0.008894144786580566,1e-07
0.019421945165828486,0.028372104228422266,0.008950259062593776,1e-07
0.019542954733407884,0.028548878573688017,0.009006023840280134,1e-07
0.019663219780823357,0.028724565301940116,0.009061445521116757,1e-07
0.019782753603680144,0.028899183835790813,0.009116530232110669,1e-07
0.019901569383346116,0.029072753430971054,0.00917128404762494,1e-07
0.02001967994321438,0.0292452928202717,0.009225712877057321,1e-07
0.020137097775419617,0.029416820252571516,0.0092798224771519,1e-07
0.020253835067554384,0.02958735353186516,0.00933361846431078,1e-07
0.020369903484367482,0.029756909698361714,0.009387106213994235,1e-07
0.020485314198264225,0.029925505073040367,0.009440290874776144,1e-07
0.02060007826618412,0.030093155808204455,0.009493177542020337,1e-07
0.020714206461274257,0.030259877641584977,0.009545771180310723,1e-07
0.020827709291527295,0.030425685923567525,0.009598076632040233,1e-07
0.02094059701869445,0.030590595644820927,0.00965009862612648,1e-07
0.021052879535511337,0.030754621256945135,0.009701841721433799,1e-07
0.021164566327831022,0.030917776617154072,0.009753310289323053,1e-07
0.02127566677693583,0.03108007542990165,0.009804508652965824,1e-07
0.021386190036546973,0.03124153106721378,0.00985544103066681,1e-07
0.021496145044746583,0.03140215658610446,0.009906111541357876,1e-07
0.021605540537560468,0.03156196474841783,0.009956524210857362,1e-07
0.02171438498289766,0.031720967924325154,0.010006682941427496,1e-07
0.021822686521674056,0.031879178006316476,0.010056591484642424,1e-07
0.021930453194332344,0.032036606740107616,0.010106253545775278,1e-07
0.022037692857469968,0.03219326560284783,0.010155672745377868,1e-07
0.022144413190781573,0.03234916581326156,0.01020485262247999,1e-07
0.02225062170705717,0.03250431834625402,0.010253796639196856,1e-07
0.022356325716673398,0.03265873388103902,0.010302508164365624,1e-07
0.02246153226730077,0.0328124227130615,0.010350990445760728,1e-07
0.022566248312259948,0.03296539499993735,0.010399246687677399,1e-07
0.02267048065504477,0.033117660680411026,0.010447280025366257,1e-07
0.022774235952737632,0.03326922947934484,0.010495093526607208,1e-07
0.02287752072352002,0.033420110918690536,0.010542690195170519,1e-07
0.022980341312302498,0.033570314267280604,0.010590072954978111,1e-07
0.023082703816004073,0.03371984843167415,0.010637244615670083,1e-07
0.02318461428829148,0.03386872225524608,0.010684207966954603,1e-07
0.023286078667575448,0.034016944413001925,0.010730965745426478,1e-07
0.023387102775478463,0.0341645234093395,0.010777520633861044,1e-07
0.02348769232337144,0.03431146758759791,0.010823875264226474,1e-07
0.023587852918910475,0.034457785139606546,0.010870032220696074,1e-07
0.02368759007257349,0.03460348411523409,0.010915994042660597,1e-07
0.023786909204196984,0.03474857243193753,0.010961763227740548,1e-07
0.023885815491549875,0.034893057653554424,0.011007342162004552,1e-07
0.02398431386143294,0.03503694697730065,0.011052733115867715,1e-07
0.02408240931407493,0.03518024770765784,0.011097938393582916,1e-07
0.02418010675611083,0.0353229670123831,0.011142960256272273,1e-07
0.02427741100324733,0.03546511192640278,0.011187800923155453,1e-07
0.02437432678474806,0.03560668935836467,0.011232462573616618,1e-07
0.02447085874791883,0.03574770609719017,0.01127694734927135,1e-07
0.024567011462592905,0.0358881688186265,0.011321257356033598,1e-07
0.024662789424189247,0.036028084089714245,0.011365394665525,1e-07
0.0247581969086018,0.036167458156805395,0.011409361248203596,1e-07
0.024853238103443028,0.03630629713728774,0.011453159033844716,1e-07
0.024947917193705742,0.03644460714472221,0.011496789951016472,1e-07
0.02504223828972682,0.036582394183610145,0.01154025589388333,1e-07
0.02513620543038982,0.03671966415407176,0.011583558723681947,1e-07
0.02522982258632759,0.036856422856524636,0.011626700270197049,1e-07
0.025323093663124893,0.03699267599636217,0.01166968233323728,1e-07
0.025416022504521008,0.037128429188632066,0.011712506684111066,1e-07
0.025508612887055308,0.03726368795021443,0.011755175063159129,1e-07
0.02560086840748168,0.03739845753535341,0.011797689127871741,1e-07
0.025692792640125764,0.03753274316552934,0.011840050525403578,1e-07
0.02578438912797911,0.037666550016448745,0.011882260888469639,1e-07
0.025875661354499223,0.03779988317684909,0.011924321822349872,1e-07
0.025966612745928486,0.03793274765188631,0.011966234905957829,1e-07
0.02605724667361313,0.0380651483665224,0.012008001692909278,1e-07
0.02614756645632216,0.03819709016891301,0.012049623712590857,1e-07
0.02623757536256629,0.038328577833794994,0.012091102471228705,1e-07
0.026327276596505366,0.03845961604189954,0.012132439445394178,1e-07
0.026416673232521563,0.038590209284374816,0.012173636051853254,1e-07
0.026505768341374678,0.038720362047077295,0.012214693705702617,1e-07
0.026594564953781596,0.03885007875736758,0.012255613803585988,1e-07
0.026683066052361645,0.03897936377234397,0.012296397719982324,1e-07
0.02677127457335551,0.03910822138135344,0.012337046807997932,1e-07
0.02685919340834412,0.039236655808502705,0.012377562400158582,1e-07
0.026946825405967538,0.03936467121516917,0.01241794580920163,1e-07
0.027034173373643864,0.03949227170251201,0.012458198328868141,1e-07
0.027121240056240854,0.03961946128031498,0.012498321224074127,1e-07
0.027208028112912144,0.039746243833148155,0.012538315720236011,1e-07
0.027294540198738046,0.03987262323963116,0.012578183040893108,1e-07
0.027380778930095422,0.03999860332184446,0.012617924391749042,1e-07
0.027466746884041694,0.040124187844429574,0.012657540960387877,1e-07
0.0275524465996139,0.04024938051648667,0.012697033916872767,1e-07
0.027637880579127742,0.040374184993472326,0.012736404414344583,1e-07
0.027723051289476615,0.04049860487909717,0.012775653589620559,1e-07
0.027807961163430664,0.0406226437272236,0.012814782563792933,1e-07
0.02789261255675124,0.04074630497921724,0.01285379242246601,1e-07
0.027977007772696044,0.0408695919997449,0.012892684227048867,1e-07
0.028061149120168254,0.04099250816172044,0.012931459041552192,1e-07
0.028145038875655535,0.04111505679070416,0.012970117915048634,1e-07
0.028228679284345727,0.04123724116653269,0.01300866188218697,1e-07
0.02831207256125787,0.041359064524971165,0.013047091963713304,1e-07
0.02839522089237319,0.04148053005936544,0.013085409166992254,1e-07
0.0284781264357661,0.04160164092229425,0.013123614486528157,1e-07
0.0285607913227352,0.041722400227221464,0.013161708904486268,1e-07
0.02864321765893427,0.04184281105014821,0.01319969339121395,1e-07
0.02872540752550327,0.04196287643126514,0.013237568905761875,1e-07
0.028807362980199338,0.04208259937660456,0.013275336396405225,1e-07
0.02888908604399973,0.04220198283846965,0.013312996794469921,1e-07
0.028970578580424934,0.0423210295391461,0.013350550958721168,1e-07
0.029051842498009763,0.04243974226667785,0.013387999768668092,1e-07
0.029132879708620104,0.04255812381397498,0.013425344105354885,1e-07
0.029213692098988074,0.04267617693723142,0.013462584838243351,1e-07
0.029294281531494833,0.04279390435706848,0.013499722825573655,1e-07
0.029374649844953405,0.042911308759678475,0.013536758914725071,1e-07
0.0294547988553915,0.043028392797968225,0.013573693942576728,1e-07
0.029534730356834328,0.043145159092702674,0.013610528735868353,1e-07
0.02961444612208741,0.04326161023364842,0.013647264111561017,1e-07
0.02969394790351941,0.04337774878071729,0.013683900877197884,1e-07
0.029773237433844954,0.043493577265109905,0.013720439831264955,1e-07
0.029852316426907437,0.043609098190459245,0.013756881763551814,1e-07
0.029931186538674957,0.04372431397585236,0.0137932274371774,1e-07
0.030009849352510682,0.04383922693431284,0.013829477581802157,1e-07
0.0300883064912959,0.04395383943659355,0.013865632945297648,1e-07
0.030166559559335872,0.04406815382631092,0.013901694266975056,1e-07
0.0302446101412396,0.04418217241830854,0.01393766227706894,1e-07
0.03032245980248418,0.04429589749948149,0.013973537696997317,1e-07
0.0304001100899791,0.0444093313296008,0.014009321239621704,1e-07
0.030477562532630623,0.04452247614213782,0.014045013609507198,1e-07
0.0305548186419061,0.04463533414508863,0.014080615503182533,1e-07
0.030631879912398307,0.04474790752179844,0.01411612760940014,1e-07
0.030708747822389793,0.04486019843178601,0.014151550609396216,1e-07
0.030785423834417208,0.044972209011567996,0.014186885177150787,1e-07
0.030861909393539996,0.04508394137212986,0.014222131978589861,1e-07
0.030938205873431917,0.045195397520174735,0.014257291646742819,1e-07
0.03101431464833219,0.04530657946323182,0.014292364814899629,1e-07
0.03109023709607877,0.04541748921408742,0.014327352118008651,1e-07
0.031165974578369157,0.045528128761949414,0.014362254183580258,1e-07
0.03124152844117242,0.04563850007304911,0.01439707163187669,1e-07
0.031316900015141175,0.045748605091243094,0.014431805076101924,1e-07
0.0313920906160236,0.04585844573861512,0.014466455122591522,1e-07
0.03146710154507541,0.045968023916077905,0.014501022371002495,1e-07
0.031541934089471875,0.04607734150397504,0.01453550741450317,1e-07
0.0316165895227198,0.04618640036268284,0.014569910839963042,1e-07
0.03169106910506953,0.04629520233321217,0.01460423322814264,1e-07
0.03176537408392694,0.04640374923781032,0.014638475153883383,1e-07
0.031839505682057026,0.04651204286272847,0.014672637180671444,1e-07
0.031913465074839546,0.046620084924996016,0.014706719850156473,1e-07
0.03198725345326009,0.046727877164439845,0.014740723711179765,1e-07
0.03206087199780199,0.04683542130554485,0.014774649307742856,1e-07
0.032134321875915986,0.04694271905375745,0.014808497177841468,1e-07
0.032207604242327735,0.047049772095934986,0.014842267853607252,1e-07
0.03228072023934549,0.047156582100795014,0.014875961861449533,1e-07
0.03235367099716762,0.047263150719364676,0.014909579722197062,1e-07
0.03242645763419026,0.047369479585430016,0.014943121951239754,1e-07
0.03249908125731487,0.04747557031598531,0.014976589058670447,1e-07
0.03257154296225581,0.04758142451168245,0.015009981549426642,1e-07
0.032643843833847976,0.04768704375728022,0.015043299923432249,1e-07
0.03271598494622149,0.047792429621899585,0.015076544675678104,1e-07
0.03278796733984738,0.04789758362549133,0.015109716285643955,1e-07
0.032859792043217095,0.048002507270506076,0.015142815227288985,1e-07
0.032931460087732095,0.04810720206364549,0.015175841975913408,1e-07
0.033002972493908565,0.048211669495709736,0.015208797001801182,1e-07
0.033074330271611316,0.04831591104193911,0.015241680770327797,1e-07
0.03314553442028772,0.04841992816235579,0.015274493742068075,1e-07
0.033216585929201604,0.04852372230210557,0.015307236372903966,1e-07
0.033287485777667186,0.04862729489179952,0.015339909114132343,1e-07
0.033358234935282956,0.04873064734785574,0.015372512412572792,1e-07
0.03342883436216565,0.04883378107284106,0.015405046710675416,1e-07
0.033499285009184115,0.048936697455812736,0.015437512446628627,1e-07
0.033569587818193254,0.049039397872660186,0.015469910054466938,1e-07
0.03363974371659177,0.04914188367815481,0.015502239961563035,1e-07
0.03370975359211885,0.04924415616913215,0.015534502577013299,1e-07
0.033779618346288016,0.049346216662549784,0.015566698316261764,1e-07
0.03384933887675302,0.04944806646972676,0.015598827592973744,1e-07
0.03391891607244183,0.04954970688923531,0.015630890816793475,1e-07
0.033988350813760566,0.04965113920719862,0.015662888393438053,1e-07
0.03405764397279727,0.04975236469758865,0.015694820724791374,1e-07
0.03412679641352581,0.04985338462252389,0.015726688208998075,1e-07
0.0341958089920097,0.04995420023256717,0.01575849124055747,1e-07
0.03426468255660596,0.05005481276702346,0.015790230210417498,1e-07
0.03433341794816898,0.05015522345423764,0.01582190550606866,1e-07
0.034402016000254346,0.0502554335118923,0.015853517511637952,1e-07
0.03447047753932271,0.050355444147305535,0.015885066607982824,1e-07
0.03453880338494363,0.05045525655772873,0.01591655317278509,1e-07
0.034606994349999434,0.050554871930644334,0.015947977580644902,1e-07
0.03467505124088903,0.0506542914440637,0.015979340203174673,1e-07
0.03474297485773181,0.05075351626682482,0.016010641409093005,1e-07
0.03481076599457148,0.05085254755889014,0.01604188156431866,1e-07
0.03487842542121857,0.0509513864448216,0.016073061023603032,1e-07
0.03494595384461462,0.05105003395734025,0.016104180112725634,1e-07
0.03501335201609803,0.051148491194023385,0.01613523917792536,1e-07
0.03508062068576633,0.051246759250635605,0.01616623856486928,1e-07
0.03514776059684912,0.051344839212908625,0.016197178616059505,1e-07
0.0352147724858504,0.0514427321567492,0.016228059670898805,1e-07
0.03528165708269088,0.05154043914844705,0.01625888206575617,1e-07
0.03534841511085033,0.05163796124488274,0.01628964613403241,1e-07
0.03541504728750987,0.051735299493735606,0.016320352206225745,1e-07
0.03548155432369429,0.05183245493369166,0.016351000609997373,1e-07
0.03554793692441444,0.05192942859465151,0.01638159167023707,1e-07
0.03561419578880946,0.05202622149793824,0.016412125709128787,1e-07
0.03568033161028916,0.052122834656505364,0.016442603046216205,1e-07
0.03574634507667633,0.05221926907514469,0.01647302399846836,1e-07
0.03581223687034907,0.05231552575069425,0.016503388880345193,1e-07
0.035878007668383075,0.05241160567224624,0.01653369800386317,1e-07
0.03594365814269403,0.05250750982135486,0.016563951678660843,1e-07
0.03600918896017984,0.05260323917224428,0.016594150212064444,1e-07
0.03607460076600919,0.05269879466739591,0.01662429390138673,1e-07
0.036139894171471176,0.052794177199798904,0.016654383028327734,1e-07
0.03620506981498866,0.0528893877020802,0.016684417887091553,1e-07
0.03627012833099318,0.052984427101036125,0.016714398770042948,1e-07
0.036335070348462666,0.05307929631549615,0.016744325967033492,1e-07
0.03639989649102493,0.053173996256474204,0.01677419976544928,1e-07
0.03646460737706122,0.05326852782731984,0.016804020450258632,1e-07
0.036529203619809714,0.053362891923869483,0.01683378830405978,1e-07
0.03659368582746904,0.05345708943459762,0.016863503607128592,1e-07
0.03665805460330179,0.05355112124076805,0.01689316663746627,1e-07
0.03672231054573805,0.053644988216585074,0.016922777670847034,1e-07
0.036786454248478886,0.05373869122934473,0.016952336980865852,1e-07
0.036850486300599894,0.05383223113958602,0.01698184483898613,1e-07
0.03691440728665468,0.053925608801242086,0.017011301514587414,1e-07
0.036978217786778414,0.0540188250617915,0.017040707275013098,1e-07
0.037041918376791313,0.05411188076240943,0.01707006238561812,1e-07
0.037105509628302176,0.05420477673811885,0.017099367109816677,1e-07
0.0371689921088119,0.0542975138179418,0.01712862170912991,1e-07
0.037232366365484215,0.054390092801191225,0.017157826435707017,1e-07
0.03729563292798343,0.05448251446161635,0.017186981533632927,1e-07
0.03735879234280564,0.05457477959755479,0.01721608725474915,1e-07
0.037421845152212814,0.054666889001158805,0.017245143848946005,1e-07
0.03748479189406422,0.05475884345814911,0.017274151564084902,1e-07
0.0375476331018926,0.05485064374792606,0.017303110646033463,1e-07
0.03761036930498032,0.05494229064368093,0.017332021338700616,1e-07
0.03767300102843552,0.0550337849125072,0.017360883884071678,1e-07
0.0377355287932683,0.055125127315511765,0.017389698522243466,1e-07
0.03779795311646686,0.055216318607926244,0.01741846549145939,1e-07
0.037860274511073655,0.0553073595392182,0.017447185028144546,1e-07
0.037922493486261574,0.05539825085320239,0.017475857366940822,1e-07
0.037984610547410085,0.055488993288152065,0.017504482740741983,1e-07
0.03804662619618142,0.05557958757691018,0.01753306138072877,1e-07
0.038108540930596686,0.055670034447000694,0.01756159351640401,1e-07
0.038170355245112086,0.05576033462073978,0.017590079375627697,1e-07
0.03823206963069504,0.05585048881534713,0.0176185191846521,1e-07
0.03829368457489732,0.05594049774305277,0.017646913168155455,1e-07
0.038355200547054956,0.05603036208947659,0.017675261542421643,1e-07
0.03841661801008753,0.056120082530865194,0.01770356452077767,1e-07
0.038477937435438654,0.056209659755917296,0.01773182232047865,1e-07
0.03853915929089881,0.05629909444799504,0.017760035157096232,1e-07
0.03860028404066259,0.056388387285207564,0.017788203244544977,1e-07
0.03866131214538594,0.056477538940494676,0.017816326795108736,1e-07
0.038722244062243436,0.056566550081710465,0.01784440601946703,1e-07
0.03878308024498549,0.05665542137170692,0.01787244112672143,1e-07
0.038843821143995615,0.05674415346841756,0.01790043232442195,1e-07
0.03890446720634768,0.05683274702494109,0.017928379818593406,1e-07
0.03896501887586314,0.056921202689624965,0.017956283813761822,1e-07
0.0390254765931683,0.0570095211061491,0.017984144512980794,1e-07
0.03908584079575156,0.057097702913609424,0.01801196211785787,1e-07
0.03914611191802062,0.05718574874660156,0.01803973682858094,1e-07
0.03920629039135981,0.057273659235304426,0.01806746884394462,1e-07
0.03926637664418725,0.057361435005563864,0.01809515836137662,1e-07
0.03932637110201215,0.05744907667897628,0.01812280557696413,1e-07
0.03938627418729577,0.05753658487268552,0.01815041068538976,1e-07
0.039446086306958034,0.05762396018113224,0.018177973874174216,1e-07
0.039505807867292374,0.05771120319784186,0.01820549533054949,1e-07
0.039565439278193226,0.057798314521600246,0.018232975243407022,1e-07
0.039624980946542813,0.05788529474679295,0.01826041380025015,1e-07
0.03968443327625496,0.05797214446346923,0.018287811187214276,1e-07
0.03974379666831892,0.05805886425740597,0.018315167589087064,1e-07
0.03980307152084308,0.05814545471017169,0.018342483189328615,1e-07
0.03986225822909886,0.05823191639919051,0.01836975817009165,1e-07
0.03992135718556443,0.0583182498978061,0.01839699271224168,1e-07
0.03998036877996852,0.058404455775345726,0.018424186995377206,1e-07
0.04003929339933424,0.058490534597184125,0.01845134119784989,1e-07
0.04009813142802285,0.058576486924807575,0.01847845549678473,1e-07
0.04015688324777754,0.05866231331587778,0.018505530068100254,1e-07
0.040215549237767254,0.058748014324295945,0.018532565086528695,1e-07
0.04027412977463047,0.05883359050026663,0.01855956072563617,1e-07
0.04033262523251899,0.058919042390361845,0.01858651715784286,1e-07
0.04039103598314173,0.05900437053758493,0.0186134345544432,1e-07
0.04044936239498456,0.05908957548023091,0.01864031308524635,1e-07
0.04050760481830774,0.05917465772997029,0.01866715291166256,1e-07
0.04056576360857496,0.05925961780607494,0.01869395419749999,1e-07
0.040623839124522255,0.05934445623259703,0.01872071710807478,1e-07
0.040681831722437604,0.059429173530012536,0.01874744180757494,1e-07
0.04073974175619914,0.05951377021527709,0.018774128459077954,1e-07
0.040797569577313376,0.059598246801881756,0.018800777224568382,1e-07
0.04085531553495337,0.059682603799908834,0.018827388264955475,1e-07
0.04091297997599693,0.05976684171608768,0.01885396174009076,1e-07
0.04097056324506484,0.05985096105385048,0.018880497808785646,1e-07
0.04102806568455902,0.05993496231338807,0.01890699662882905,1e-07
0.041085487634700775,0.06001884599170574,0.018933458357004974,1e-07
0.04114282943356893,0.060102612582679044,0.018959883149110113,1e-07
0.04120009141713809,0.06018626257710956,0.018986271159971476,1e-07
0.0412572739193168,0.06026979646278076,0.019012622543463968,1e-07
0.04131437727198575,0.06035321472451376,0.019038937452528007,1e-07
0.04137140180503602,0.060436517844223124,0.019065216039187115,1e-07
0.04142834784640719,0.06051970630097272,0.019091458454565533,1e-07
0.04148521572212563,0.060602780571031446,0.019117664848905827,1e-07
0.041542005756342634,0.0606857411279291,0.019143835371586475,1e-07
0.04159871827137266,0.060768588442512136,0.019169970171139483,1e-07
0.04165535358773151,0.06085132298299949,0.019196069395267985,1e-07
0.041711912024174534,0.06093394521503837,0.019222133190863848,1e-07
0.041768393897734825,0.06101645560176009,0.019248161704025272,1e-07
0.04182479952376143,0.06109885460383582,0.0192741550800744,1e-07
0.04188112921584022,0.06118114267936104,0.019300113463520844,1e-07
0.04193738325906058,0.06126332024480277,0.019326036985742208,1e-07
0.0419935619385036,0.061345387716615844,0.019351925778112265,1e-07
0.0420496655558953,0.06142734553557054,0.01937777997967526,1e-07
0.04210569441101781,0.061509194139597434,0.01940359972857964,1e-07
0.04216164880173625,0.06159093396382667,0.019429385162090442,1e-07
0.04221752902402561,0.06167256544062727,0.01945513641660167,1e-07
0.04227333537199768,0.061754088999646364,0.019480853627648707,1e-07
0.04232906813792788,0.06183550506784856,0.01950653692992069,1e-07
0.04238472761228222,0.061916814069555126,0.01953218645727292,1e-07
0.04244031408374413,0.06199801642648335,0.01955780234273924,1e-07
0.04249582783924139,0.0620791125577858,0.019583384718544428,1e-07
0.04255126916397301,0.0621601028800896,0.019608933716116602,1e-07
0.04260663834143612,0.0622409878075357,0.0196344494660996,1e-07
0.042661935653452845,0.0623217677518182,0.019659932098365373,1e-07
0.042717161380197224,0.06240244312222359,0.01968538174202638,1e-07
0.0427723158002221,0.06248301432567007,0.019710798525447982,1e-07
0.04282739919048599,0.0625634817667468,0.019736182576260832,1e-07
0.04288241182637997,0.06264384584775322,0.019761534021373265,1e-07
0.042937353981754606,0.06272410696873829,0.019786852986983693,1e-07
0.0429922259289468,0.06280426552753979,0.019812139598593004,1e-07
0.043047027938806735,0.06288432191982365,0.019837393981016933,1e-07
0.04310176028072469,0.06296427653912315,0.01986261625839848,1e-07
0.043156423222658,0.06304412977687827,0.019887806554220285,1e-07
0.04321101703115793,0.06312388202247493,0.019912964991317023,1e-07
0.04326554197139652,0.06320353366328431,0.019938091691887806,1e-07
0.04331999829576867,0.06328308506801229,0.019963186772243634,1e-07
0.043374386245976636,0.06336253658974467,0.01998825034376804,1e-07
0.043428706078439044,0.06344188860306532,0.020013282524626294,1e-07
0.04348295804824413,0.06352114148061469,0.020038283432370574,1e-07
0.04353714240894387,0.06360029559278897,0.02006325318384511,1e-07
0.04359125941257373,0.06367935130776899,0.020088191895195274,1e-07
0.043645309309672364,0.06375830899154902,0.020113099681876672,1e-07
0.043699292349301345,0.06383716900796554,0.02013797665866422,1e-07
0.0437532087790649,0.06391593171872613,0.020162822939661252,1e-07
0.04380705884512962,0.06399459748343819,0.020187638638308587,1e-07
0.043860842792244205,0.06407316665963783,0.020212423867393647,1e-07
0.04391456086375913,0.06415163960281864,0.020237178739059516,1e-07
0.043968213301646464,0.0642300166664605,0.020261903364814045,1e-07
0.044021800346519493,0.06430829820205843,0.020286597855538945,1e-07
0.04407532223765251,0.06438648455915136,0.02031126232149886,1e-07
0.044128779213000506,0.06446457608535097,0.020335896872350472,1e-07
0.04418217150921892,0.06454257312637049,0.020360501617151583,1e-07
0.044235499361683334,0.06462047602605353,0.020385076664370207,1e-07
0.044288763004509214,0.06469828512640285,0.020409622121893654,1e-07
0.044341962670571625,0.06477600076760924,0.020434138097037622,1e-07
0.04439509859152496,0.06485362328808024,0.02045862469655529,1e-07
0.044448170997822674,0.06493115302446906,0.0204830820266464,1e-07
0.04450118011873696,0.0650085903117033,0.020507510192966347,1e-07
0.04455412618237855,0.06508593548301382,0.02053190930063528,1e-07
0.04460700941571636,0.06516318886996351,0.020556279454247175,1e-07
0.04465983003977091,0.06524035079542571,0.020580620755654807,1e-07
0.04471258826267645,0.065317421563449,0.020604933300772562,1e-07
0.04476528430384044,0.06539440149455032,0.020629217190709887,1e-07
0.04481791838245809,0.06547129090893647,0.020653472526478388,1e-07
0.044870490716474816,0.06554809012498855,0.020677699408513748,1e-07
0.04492300152260089,0.06562479945928332,0.020701897936682444,1e-07
0.044975451016326023,0.06570141922661452,0.020726068210288495,1e-07
0.04502783941193403,0.06577794974001422,0.020750210328080203,1e-07
0.045080166922517394,0.06585439131077425,0.02077432438825687,1e-07
0.04513243375999194,0.06593074424846748,0.02079841048847555,1e-07
0.04518464013511139,0.06600700886096918,0.02082246872585779,1e-07
0.045236786257482064,0.0660831854544784,0.02084649919699635,1e-07
0.04528887233557742,0.06615927433353935,0.02087050199796195,1e-07
0.045340898576752706,0.0662352758010627,0.020894477224310006,1e-07
0.04539286518725958,0.06631119015834694,0.020918424971087368,1e-07
0.04544477237226073,0.06638701770509978,0.020942345332839053,1e-07
0.04549662033584449,0.06646275873945946,0.02096623840361498,1e-07
0.04554840928103944,0.06653841355801614,0.020990104276976708,1e-07
0.04560013940982906,0.06661398245583322,0.02101394304600418,1e-07
0.0456518109231663,0.06668946572646875,0.02103775480330245,1e-07
0.045703424020988266,0.06676486366199667,0.021061539641008424,1e-07
0.045754978902230764,0.06684017655302835,0.021085297650797592,1e-07
0.04580647576484297,0.06691540468873375,0.02110902892389078,1e-07
0.045857914805802036,0.06699054835686288,0.021132733551060854,1e-07
0.045909296221127695,0.06706560784376718,0.021156411622639495,1e-07
0.04596062020422757,0.06714058343198223,0.021180063227754647,1e-07
0.04601188693755139,0.0672154753880359,0.021203688450484516,1e-07
0.046063096610243326,0.06729028398823564,0.02122728737799232,1e-07
0.04611424941229455,0.06736500951012614,0.021250860097831593,1e-07
0.04616534553266857,0.06743965222975087,0.021274406697082297,1e-07
0.04621638515931231,0.06751421242166822,0.02129792726235591,1e-07
0.04626736847916711,0.06758869035896763,0.021321421879800517,1e-07
0.04631829567817985,0.06766308631328578,0.021344890635105924,1e-07
0.04636916694131396,0.0677374005548227,0.021368333613508744,1e-07
0.04641998245256053,0.06781163335235801,0.021391750899797484,1e-07
0.046470742394949305,0.06788578497326696,0.021415142578317656,1e-07
0.0465214469505598,0.06795985568353667,0.021438508732976872,1e-07
0.046572096300532335,0.06803384574778228,0.02146184944724993,1e-07
0.04662269062507911,0.06810775542926303,0.021485164804183922,1e-07
0.04667323010349521,0.06818158498989854,0.02150845488640333,1e-07
0.04672371491416975,0.06825533469028486,0.0215317197761151,1e-07
0.04677414523459688,0.06832900478971066,0.021554959555113776,1e-07
0.04682452124138684,0.06840259554617341,0.021578174304786566,1e-07
0.04687484311027704,0.0684761072163955,0.021601364106118456,1e-07
0.04692511101614311,0.06854954005584041,0.02162452903969729,1e-07
0.046975325133009976,0.06862289431872887,0.02164766918571889,1e-07
0.04702548563406289,0.06869617025805501,0.02167078462399212,1e-07
0.04707559269165851,0.06876936812560253,0.021693875433944017,1e-07
0.04712564647733594,0.0688424881719608,0.02171694169462486,1e-07
0.04717564716182783,0.06891553064654111,0.021739983484713288,1e-07
0.04722559491466308,0.06898849579699633,0.02176300088233322,1e-07
0.04727548989731685,0.06906138385921404,0.021785993961897173,1e-07
0.04732533227406086,0.06913419507316727,0.021808962799106397,1e-07
0.04737512221085156,0.06920692968129008,0.021831907470438512,1e-07
0.04742485987279193,0.0692795879247698,0.021854828051977856,1e-07
0.04747454542414008,0.0693521700435595,0.021877724619419395,1e-07
0.04752417902831767,0.06942467627639035,0.021900597248072664,1e-07
0.04757376084791848,0.06949710686078416,0.021923446012865663,1e-07
0.04762329104471688,0.0695694620330657,0.0219462709883488,1e-07
0.04767276977967638,0.0696417420283752,0.0219690722486988,1e-07
0.047722197212958076,0.06971394708068072,0.021991849867722624,1e-07
0.04777157350392922,0.06978607742279064,0.0220146039188614,1e-07
0.04782089881117169,0.06985813328636604,0.022037334475194334,1e-07
0.04787017329249051,0.06993011490193317,0.022060041609442638,1e-07
0.047919397104922365,0.07000202249889582,0.022082725393973445,1e-07
0.04796857040474409,0.07007385630554784,0.022105385900803732,1e-07
0.0480176933474812,0.07014561654908545,0.022128023201604244,1e-07
0.04806676608791638,0.0702173034556198,0.022150637367703407,1e-07
0.04811578878009801,0.07028891725018928,0.022173228470091254,1e-07
0.04816476157734866,0.07036045815677203,0.022195796579423353,1e-07
0.0482136846322736,0.07043192639829833,0.022218341766024708,1e-07
0.048262558096769326,0.07050332219666305,0.022240864099893703,1e-07
0.04831138212203202,0.07057464577273805,0.022263363650706008,1e-07
0.04836015685856613,0.07064589734638464,0.0222858404878185,1e-07
0.048408882456192806,0.07071707713646601,0.022308294680273188,1e-07
0.04845755906401731,0.07078818536079949,0.022330726296782177,1e-07
0.04850618682343297,0.07085922222593666,0.02235313540250368,1e-07
0.04855476587617904,0.07093018793893438,0.022375522062755324,1e-07
0.04860329636810585,0.0710010827128551,0.022397886344749245,1e-07
0.048651778444363636,0.0710719067597386,0.022420228315374952,1e-07
0.048700212249409965,0.07114266029061272,0.022442548041202756,1e-07
0.04874859792701719,0.07121334351550439,0.02246484558848719,1e-07
0.048796935620279834,0.07128395664345027,0.022487121023170437,1e-07
0.04884522547162206,0.07135449988250782,0.022509374410885748,1e-07
0.04889346762280508,0.07142497343976596,0.02253160581696087,1e-07
0.048941662214934574,0.07149537752135605,0.02255381530642147,1e-07
0.048989809388468156,0.07156571233246271,0.022576002943994547,1e-07
0.04903790928322274,0.07163597807733461,0.02259816879411187,1e-07
0.04908596203838204,0.07170617495929543,0.022620312920913387,1e-07
0.04913396779250393,0.0717763031807546,0.022642435388250667,1e-07
0.049181926683527936,0.07184636294321825,0.0226645362596903,1e-07
0.049229838848782626,0.07191635444729998,0.022686615598517344,1e-07
0.049277704424993025,0.07198627789273176,0.02270867346773873,1e-07
0.04932552354828809,0.07205613347837479,0.022730709930086683,1e-07
0.049373296354208104,0.07212592140223029,0.022752725048022174,1e-07
0.04942102297771211,0.07219564186145043,0.022774718883738304,1e-07
0.04946870355318535,0.07226529505234912,0.02279669149916376,1e-07
0.04951633821444667,0.0723348811704129,0.022818642955966213,1e-07
0.04956392709475599,0.07240440041031176,0.02284057331555576,1e-07
0.049611470326821686,0.07247385296591004,0.02286248263908834,1e-07
0.049658968042808053,0.07254323903027722,0.022884370987469153,1e-07
0.049706420374342704,0.0726125587956988,0.02290623842135609,1e-07
0.049753827452524026,0.07268181245368718,0.02292808500116315,1e-07
0.049801189407928596,0.07275100019499248,0.022949910787063876,1e-07
0.049848506370618606,0.07282012220961337,0.022971715838994756,1e-07
0.04989577847014929,0.07288917868680797,0.022993500216658667,1e-07
0.04994300583557637,0.07295816981510467,0.02301526397952829,1e-07
0.04999018859546347,0.073027095782313,0.02303700718684953,1e-07
0.050037326877889525,0.07309595677553449,0.023058729897644948,1e-07
0.05008442081045626,0.07316475298117345,0.023080432170717178,1e-07
0.05013147052029557,0.07323348458494792,0.023102114064652342,1e-07
0.050178476125948494,0.07330215176002616,0.023123775634077654,1e-07
0.050225437736434904,0.0733707546656676,0.023145416929232682,1e-07
0.05027235547451769,0.07343929348120788,0.023167038006690188,1e-07
0.0503192294627936,0.07350776838573998,0.023188638922946366,1e-07
0.05036605982330651,0.07357617955754917,0.02321021973424264,1e-07
0.05041284667755269,0.07364452717412077,0.02323178049656807,1e-07
0.05045959014648608,0.07371281141214789,0.023253321265661795,1e-07
0.05050629035052355,0.07378103244753903,0.02327484209701547,1e-07
0.050552947409550165,0.07384919045542584,0.02329634304587566,1e-07
0.0505995614429245,0.07391728561017083,0.023317824167246322,1e-07
0.05064613256948384,0.07398531808537503,0.02333928551589118,1e-07
0.050692660907549515,0.07405328805388571,0.02336072714633619,1e-07
0.050739146574932135,0.0741211956878041,0.02338214911287196,1e-07
0.050785589688936865,0.07418904115849305,0.023403551469556166,1e-07
0.05083199036636872,0.07425682463658474,0.023424934270216007,1e-07
0.050878348723537796,0.07432454629198841,0.023446297568450607,1e-07
0.05092466487626458,0.07439220629389805,0.023467641417633456,1e-07
0.0509709389398852,0.07445980481080006,0.023488965870914844,1e-07
0.051017171029256674,0.07452734201048096,0.023510270981224282,1e-07
0.05106336125876224,0.07459481806003519,0.023531556801272932,1e-07
0.05110950974231659,0.07466223312587264,0.023552823383556038,1e-07
0.05115561659337111,0.07472958737372648,0.02357407078035536,1e-07
0.05120168192491923,0.07479688096866083,0.023595299043741587,1e-07
0.051247705849501606,0.07486411407507841,0.023616508225576784,1e-07
0.05129368847921147,0.0749312868567283,0.023637698377516815,1e-07
0.05133962992569985,0.07499839947671362,0.02365886955101376,1e-07
0.051385530300180844,0.07506545209749922,0.02368002179731837,1e-07
0.05143138971343693,0.0751324448809194,0.023701155167482463,1e-07
0.05147720827582418,0.07519937798818557,0.02372226971236138,1e-07
0.05152298609727758,0.075266251579894,0.023743365482616408,1e-07
0.05156872328731629,0.0753330658160335,0.023764442528717192,1e-07
0.051614419955048875,0.07539982085599307,0.023785500900944192,1e-07
0.05166007620917864,0.07546651685856974,0.023806540649391087,1e-07
0.05170569215800884,0.07553315398197608,0.023827561823967214,1e-07
0.05175126790944801,0.07559973238384803,0.023848564474400008,1e-07
0.0517968035686796,0.07566625221784072,0.023869548649161115,1e-07
0.051842299230716496,0.07573271362275176,0.02389051439203526,1e-07
0.05188775499917837,0.07579911674995184,0.023911461750773452,1e-07
0.05193317097872857,0.07586546175233622,0.023932390773607645,1e-07
0.05197854727358581,0.07593174878215071,0.023953301508564895,1e-07
0.05202388398752811,0.0759979779909973,0.023974194003469184,1e-07
0.0520691812238967,0.07606414952983989,0.02399506830594319,1e-07
0.05211443908559989,0.07613026354901,0.024015924463410096,1e-07
0.052159657675116974,0.07619632019821238,0.02403676252309539,1e-07
0.052204837094502146,0.07626231962653081,0.024057582532028648,1e-07
0.05224997744538836,0.07632826198243371,0.024078384537045337,1e-07
0.05229507882899126,0.07639414741377988,0.024099168584788607,1e-07
0.052340141346113055,0.07645997606782416,0.024119934721711096,1e-07
0.05238516509714644,0.07652574809122316,0.02414068299407671,1e-07
0.052430150182078465,0.0765914636300409,0.024161413447962434,1e-07
0.05247509670049444,0.07665712282975458,0.02418212612926012,1e-07
0.052520004751581854,0.07672272583526014,0.024202821083678282,1e-07
0.05256487443413423,0.07678827279087813,0.024223498356743894,1e-07
0.05260970584655506,0.07685376384035926,0.024244157993804184,1e-07
0.052654499086861685,0.07691919912689013,0.024264800040028435,1e-07
0.05269925425268919,0.07698457879309897,0.024285424540409776,1e-07
0.0527439714412943,0.07704990298106128,0.02430603153976697,1e-07
0.05278865074955929,0.07711517183230553,0.024326621082746226,1e-07
0.05283329227399586,0.07718038548781886,0.024347193213822983,1e-07
0.05287789611074905,0.07724554408805277,0.024367747977303716,1e-07
0.05292246235560113,0.07731064777292886,0.024388285417327717,1e-07
0.0529669911039755,0.07737569668184441,0.0244088055778689,1e-07
0.053011482450940575,0.07744069095367818,0.024429308502737602,1e-07
0.0530559364912137,0.07750563072679606,0.024449794235582356,1e-07
0.053100353319165024,0.07757051613905676,0.024470262819891724,1e-07
0.053144733028821424,0.07763534732781749,0.024490714298996054,1e-07
0.05318907571387037,0.07770012442993968,0.024511148716069305,1e-07
0.053233381467663855,0.07776484758179468,0.024531566114130817,1e-07
0.05327765038322226,0.0778295169192694,0.024551966536047132,1e-07
0.05332188255323828,0.07789413257777207,0.02457235002453378,1e-07
0.05336607806963441,0.07795869469158576,0.02459271662195135,1e-07
0.05341023701643824,0.07802320338346048,0.024613066367022242,1e-07
0.053454359481517146,0.07808765878175547,0.024633399300238328,1e-07
0.0534984455550702,0.0781520610182362,0.024653715463166002,1e-07
0.05354249532693372,0.07821641022413822,0.024674014897204492,1e-07
0.05358650888658418,0.07828070653017137,0.02469429764358719,1e-07
0.053630486323141095,0.0783449500665241,0.024714563743383003,1e-07
0.05367442772536997,0.07840914096286768,0.024734813237497693,1e-07
0.05371833318168518,0.07847327934836039,0.024755046166675208,1e-07
0.053762202780152875,0.07853736535165191,0.02477526257149903,1e-07
0.0538060366084939,0.07860139910088743,0.024795462492393516,1e-07
0.053849834754086716,0.07866538072371194,0.024815645969625228,1e-07
0.05389359730397028,0.07872931034727457,0.02483581304330429,1e-07
0.053937324344846965,0.07879318809823269,0.02485596375338571,1e-07
0.05398101596308548,0.07885701410275622,0.02487609813967074,1e-07
0.05402467224472375,0.07892078848653195,0.02489621624180819,1e-07
0.05406829327547187,0.07898451137476768,0.024916318099295804,1e-07
0.05411187914071496,0.07904818289219653,0.02493640375148156,1e-07
0.05415542992551612,0.07911180316308117,0.024956473237565044,1e-07
0.0541989457146193,0.07917537231121807,0.02497652659659877,1e-07
0.054242426592452236,0.07923889045994176,0.02499656386748952,1e-07
0.05428587264312935,0.07930235773212906,0.02501658508899971,1e-07
0.05432928395045464,0.07936577425020333,0.025036590299748692,1e-07
0.05437266059792462,0.07942914013613875,0.02505657953821412,1e-07
0.054416002668731214,0.07949245551146451,0.02507655284273329,1e-07
0.05445931024576466,0.07955572049726913,0.025096510251504466,1e-07
0.05450258341161642,0.07961893521420464,0.025116451802588223,1e-07
0.054545822248582086,0.0796820997824909,0.025136377533908807,1e-07
0.0545890268386643,0.07974521432191975,0.025156287483255445,1e-07
0.05463219726357564,0.07980827895185937,0.025176181688283717,1e-07
0.05467533360474157,0.07987129379125844,0.025196060186516864,1e-07
0.05471843594330329,0.07993425895865044,0.025215923015347152,1e-07
0.05476150436012071,0.07999717457215792,0.025235770212037205,1e-07
0.054804538935775284,0.08006004074949663,0.02525560181372134,1e-07
0.054847539750572986,0.08012285760797991,0.025275417857406918,1e-07
0.0548905068845457,0.08018562526452071,0.025295218379974987,1e-07
0.054933440413360256,0.08024834382965533,0.02531500341629506,1e-07
0.05497634041216624,0.08031101341316453,0.02533477300099828,1e-07
0.055019206959348116,0.08037363412955464,0.025354527170206517,1e-07
0.05506204013299122,0.08043620609289504,0.025374265959903802,1e-07
0.05510484001088402,0.08049872941682139,0.02539398940593735,1e-07
0.055147606670520266,0.08056120421453884,0.025413697544018565,1e-07
0.05519034018910126,0.08062363059882537,0.02543339040972409,1e-07
0.05523304064353803,0.08068600868203485,0.0254530680384968,1e-07
0.0552757081104536,0.08074833857610045,0.02547273046564683,1e-07
0.055318342666185114,0.08081062039253772,0.025492377726352596,1e-07
0.05536094438678614,0.08087285424244797,0.025512009855661825,1e-07
0.05540351334802882,0.0809350402365214,0.025531626888492556,1e-07
0.05544604962540614,0.08099717848504033,0.025551228859634175,1e-07
0.055488553294134074,0.08105926909788251,0.025570815803748433,1e-07
0.055531024429153863,0.08112131218452433,0.025590387755370456,1e-07
0.05557346310513419,0.08118330785404398,0.025609944748909774,1e-07
0.055615869396473415,0.08124525621512478,0.025629486818651355,1e-07
0.05565824337730176,0.08130715737605836,0.025649013998756583,1e-07
0.05570058512148358,0.08136901144474792,0.025668526323264333,1e-07
0.05574289470261949,0.08143081852871144,0.025688023826091942,1e-07
0.05578517219404867,0.08149257873508495,0.025707506541036262,1e-07
0.055827417668851,0.08155429217062568,0.025726974501774663,1e-07
0.05586963119984935,0.08161595894171543,0.02574642774186607,1e-07
0.05591181285961171,0.08167757915436367,0.02576586629475195,1e-07
0.05595396272045349,0.08173915291421088,0.02578529019375738,1e-07
0.05599608085443966,0.08180068032653169,0.02580469947209202,1e-07
0.05603816733338701,0.08186216149623819,0.02582409416285117,1e-07
0.05608022222886634,0.08192359652788311,0.025843474299016757,1e-07
0.0561222456122047,0.08198498552566312,0.025862839913458398,1e-07
0.05616423755448756,0.08204632859342194,0.02588219103893437,1e-07
0.056206198126561066,0.08210762583465375,0.02590152770809267,1e-07
0.05624812739903424,0.08216887735250626,0.02592084995347201,1e-07
0.056290025442281184,0.08223008324978406,0.02594015780750286,1e-07
0.056331892326443304,0.08229124362895177,0.025959451302508447,1e-07
0.05637372812143152,0.08235235859213733,0.025978730470705782,1e-07
0.05641553289532495,0.08241342823879269,0.02599799534346773,1e-07
0.05645730671340974,0.08247445266428984,0.026017245950880074,1e-07
0.05649904964414808,0.08253543196864031,0.026036482324492214,1e-07
0.05654076175591831,0.08259636625173322,0.0260557044958149,1e-07
0.05658244311685141,0.08265725561309632,0.026074912496244898,1e-07
0.05662409379483277,0.0827181001518986,0.026094106357065803,1e-07
0.05666571385750388,0.0827788999669527,0.026113286109448804,1e-07
0.05670730337226404,0.08283965515671754,0.026132451784453486,1e-07
0.05674886240627207,0.0829003658193007,0.026151603413028614,1e-07
0.056790391026448034,0.08296103205246097,0.02617074102601293,1e-07
0.05683188929947494,0.08302165395361089,0.02618986465413593,1e-07
0.05687335729180048,0.08308223161981916,0.026208974328018664,1e-07
0.05691479506963869,0.08314276514781323,0.02622807007817452,1e-07
0.056956202698971704,0.08320325463398173,0.026247151935010014,1e-07
0.056997580245551474,0.08326370017437708,0.026266219928825576,1e-07
0.05703892777490144,0.0833241018647178,0.026285274089816343,1e-07
0.05708024535231828,0.08338445980039125,0.02630431444807295,1e-07
0.05712153304287359,0.08344477407645592,0.02632334103358231,1e-07
0.05716279091141564,0.08350504478764408,0.02634235387622842,1e-07
0.057204019022571044,0.08356527202836418,0.02636135300579312,1e-07
0.057245217440746496,0.08362545589270344,0.026380338451956923,1e-07
0.057286386230130465,0.08368559647443025,0.026399310244299763,1e-07
0.05732752545469493,0.08374569386699678,0.026418268412301823,1e-07
0.057368635178197076,0.08380574816354137,0.026437212985344283,1e-07
0.05740971546418101,0.08386575945689118,0.02645614399271015,1e-07
0.05745076637597946,0.0839257278395645,0.02647506146358502,1e-07
0.05749178797671554,0.08398565340377342,0.026493965427057863,1e-07
0.057532780329304374,0.08404553624142623,0.02651285591212184,1e-07
0.05757374349645489,0.08410537644412998,0.026531732947675073,1e-07
0.05761467754067148,0.08416517410319292,0.026550596562521428,1e-07
0.057655582524255754,0.0842249293096271,0.026569446785371327,1e-07
0.05769645850930821,0.08428464215415073,0.026588283644842503,1e-07
0.05773730555772998,0.08434431272719084,0.026607107169460832,1e-07
0.05777812373122452,0.08440394111888562,0.02662591738766108,1e-07
0.057818913091299336,0.08446352741908708,0.026644714327787724,1e-07
0.057859673698501805,0.08452307171624461,0.026663498017742777,1e-07
0.057900405608950774,0.08458257409233826,0.026682268483387464,1e-07
0.05794110888226248,0.08464203463445721,0.026701025752194702,1e-07
0.057981783578670364,0.08470145343059222,0.026719769851921836,1e-07
0.058022429758204014,0.08476083056843631,0.026738500810232275,1e-07
0.05806304748069075,0.08482016613538698,0.02675721865469621,1e-07
0.058103636805757065,0.08487946021854838,0.026775923412791284,1e-07
0.05814419779283016,0.0849387129047335,0.02679461511190331,1e-07
0.05818473050113939,0.08499792428046633,0.026813293779326917,1e-07
0.05822523498971782,0.08505709443198413,0.026831959442266285,1e-07
0.05826571131740367,0.0851162234452395,0.026850612127835804,1e-07
0.058306159542841865,0.08517531140590266,0.026869251863060776,1e-07
0.05834657972448545,0.08523435839936358,0.0268878786748781,1e-07
0.058386971920597205,0.08529336451073419,0.02690649259013697,1e-07
0.058427336189251,0.08535232982485057,0.02692509363559955,1e-07
0.05846767258833342,0.08541125442627512,0.02694368183794168,1e-07
0.05850798117554518,0.08547013839929875,0.02696225722375355,1e-07
0.05854826200840266,0.08552898182794309,0.026980819819540404,1e-07
0.05858851514423937,0.08558778479596262,0.026999369651723223,1e-07
0.05862874064020749,0.08564654738684692,0.027017906746639408,1e-07
0.05866893855327932,0.08570526968382282,0.027036431130543475,1e-07
0.058709108940248826,0.08576395176985661,0.027054942829607763,1e-07
0.05874925185773307,0.08582259372765617,0.02707344186992308,1e-07
0.05878936736217378,0.08588119563967324,0.027091928277499445,1e-07
0.05882945550983878,0.08593975758810553,0.02711040207826673,1e-07
0.05886951635682356,0.08599827965489897,0.027128863298075383,1e-07
0.05890954995905269,0.08605676192174981,0.0271473119626971,1e-07
0.05894955637228137,0.08611520447010693,0.02716574809782553,1e-07
0.058989535652096935,0.08617360738117388,0.027184171729076938,1e-07
0.059029487853920294,0.08623197073591124,0.027202582881990928,1e-07
0.05906941303300748,0.0862902946150386,0.027220981582031106,1e-07
0.05910931124445113,0.08634857909903694,0.027239367854585785,1e-07
0.05914918254318198,0.08640682426815068,0.027257741724968663,1e-07
0.05918902698397036,0.08646503020238992,0.027276103218419532,1e-07
0.05922884462142769,0.08652319698153264,0.027294452360104936,1e-07
0.05926863551000798,0.0865813246851269,0.027312789175118896,1e-07
0.059308399704009314,0.0866394133924929,0.027331113688483566,1e-07
0.05934813725757539,0.08669746318272537,0.027349425925149957,1e-07
0.05938784822469693,0.08675547413469555,0.027367725909998593,1e-07
0.05942753265921328,0.08681344632705354,0.027386013667840232,1e-07
0.059467190614813835,0.08687137983823039,0.027404289223416523,1e-07
0.059506822145039565,0.08692927474644031,0.02742255260140073,1e-07
0.05954642730328448,0.08698713112968288,0.027440803826398387,1e-07
0.05958600614279718,0.08704494906574523,0.02745904292294802,1e-07
0.059625558716682306,0.08710272863220414,0.02747726991552181,1e-07
0.05966508507790206,0.08716046990642838,0.027495484828526304,1e-07
0.059704585279277675,0.08721817296558078,0.027513687686303086,1e-07
0.05974405937349095,0.08727583788662045,0.02753187851312948,1e-07
0.05978350741308571,0.08733346474630496,0.027550057333219233,1e-07
0.05982292944905425,0.08739105361912536,0.02756822417007109,1e-07
0.05986232552380396,0.08744860456703162,0.02758637904322764,1e-07
0.05990169568677558,0.08750611766224824,0.027604521975472626,1e-07
0.05994103998897389,0.08756359297928447,0.027622652990310557,1e-07
0.05998035848124079,0.08762103059241169,0.02764077211117088,1e-07
0.06001965121425632,0.0876784305756648,0.027658879361408453,1e-07
0.06005891823853983,0.08773579300284393,0.02767697476430408,1e-07
0.06009815960445092,0.08779311794751589,0.02769505834306495,1e-07
0.06013737536219062,0.08785040548301581,0.02771313012082518,1e-07
0.06017656556180239,0.08790765568244868,0.027731190120646274,1e-07
0.06021573025317325,0.0879648686186909,0.027749238365517636,1e-07
0.06025486948603477,0.08802204436439183,0.027767274878357045,1e-07
0.060293983309964216,0.08807918299197541,0.027785299682011173,1e-07
0.06033307177438559,0.08813628457364166,0.027803312799256043,1e-07
0.060372134928570687,0.08819334918136827,0.02782131425279756,1e-07
0.06041117282164018,0.08825037688691217,0.02783930406527198,1e-07
0.06045018550256469,0.08830736776181113,0.02785728225924641,1e-07
0.06048917302016585,0.08836432187738516,0.027875248857219294,1e-07
0.060528135423117385,0.08842123930473833,0.027893203881620924,1e-07
0.06056707275994617,0.0884781201147601,0.02791114735481391,1e-07
0.060605985079033295,0.08853496437812701,0.027929079299093693,1e-07
0.06064487242861516,0.08859177216530421,0.027946999736689026,1e-07
0.06068373485678453,0.08864854354654701,0.027964908689762466,1e-07
0.060722572411491586,0.08870527859190248,0.02798280618041088,1e-07
0.06076138514054503,0.08876197737121097,0.02800069223066592,1e-07
0.06080017309161312,0.08881863995410769,0.028018566862494536,1e-07
0.06083893631222479,0.08887526641002426,0.028036430097799454,1e-07
0.06087767484977065,0.08893185680819034,0.028054281958419663,1e-07
0.060916388751504125,0.08898841121763508,0.02807212246613094,1e-07
0.06095507806454246,0.08904492970718879,0.028089951642646303,1e-07
0.06099374283586786,0.08910141234548441,0.028107769509616534,1e-07
0.06103238311232849,0.08915785920095916,0.02812557608863065,1e-07
0.06107099894063961,0.08921427034185606,0.02814337140121642,1e-07
0.06110959036738458,0.08927064583622543,0.02816115546884083,1e-07
0.06114815743901599,0.08932698575192662,0.028178928312910606,1e-07
0.06118670020185669,0.08938329015662938,0.028196689954772675,1e-07
0.06122521870210086,0.08943955911781558,0.028214440415714692,1e-07
0.06126371298581512,0.08949579270278064,0.028232179716965504,1e-07
0.06130218309893956,0.08955199097863524,0.028249907879695658,1e-07
0.0613406290872888,0.08960815401230672,0.02826762492501789,1e-07
0.06137905099655313,0.08966428187054078,0.028285330873987626,1e-07
0.061417448872299475,0.08972037461990295,0.028303025747603454,1e-07
0.06145582275997257,0.08977643232678024,0.028320709566807645,1e-07
0.061494172704895954,0.0898324550573826,0.028338382352486625,1e-07
0.061532498752273075,0.08988844287774457,0.028356044125471474,1e-07
0.061570800947188344,0.08994439585372678,0.02837369490653842,1e-07
0.06160907933460824,0.09000031405101759,0.028391334716409335,1e-07
0.061647333959382315,0.09005619753513457,0.028408963575752226,1e-07
0.06168556486624433,0.09011204637142607,0.02842658150518173,1e-07
0.06172377209896841,0.09016786062383866,0.02844418852487024,1e-07
0.06176195569576248,0.09022364034818761,0.02846178465242511,1e-07
0.06180011569922488,0.0902793856067018,0.028479369907476907,1e-07
0.06183825215299567,0.09033509646313194,0.028496944310136257,1e-07
0.06187636510058368,0.09039077298103701,0.028514507880453316,1e-07
0.061914454585367366,0.09044641522378552,0.028532060638418146,1e-07
0.06195252065059551,0.0905020232545566,0.02854960260396107,1e-07
0.06199056333938812,0.09055759713634119,0.028567133796953054,1e-07
0.062028582694737135,0.0906131369319432,0.028584654237206058,1e-07
0.062066578759507295,0.09066864270398071,0.028602163944473413,1e-07
0.06210455157643689,0.09072411451488709,0.028619662938450183,1e-07
0.062142501188138584,0.09077955242691213,0.028637151238773542,1e-07
0.06218042763710018,0.09083495650212332,0.028654628865023127,1e-07
0.06221833096568548,0.09089032680240691,0.028672095836721423,1e-07
0.06225621121613499,0.0909456633894691,0.0286895521733341,1e-07
0.06229406843056681,0.09100096632483724,0.028706997894270423,1e-07
0.06233190265097736,0.09105623566986094,0.02872443301888358,1e-07
0.06236971391924222,0.0911114714857133,0.02874185756647107,1e-07
0.062407502277116896,0.09116667383339198,0.02875927155627507,1e-07
0.062445267766237655,0.09122184277372046,0.028776675007482797,1e-07
0.062483010428122286,0.09127697836734916,0.028794067939226863,1e-07
0.06252073030417091,0.0913320806747566,0.028811450370585672,1e-07
0.06255842743566675,0.09138714975625054,0.02882882232058376,1e-07
0.06259610186377704,0.09144218567196924,0.028846183808192184,1e-07
0.06263375362955363,0.0914971884818825,0.028863534852328863,1e-07
0.06267138277393396,0.09155215824579294,0.02888087547185897,1e-07
0.06270898933774176,0.09160709502333704,0.02889820568559528,1e-07
0.06274657336168787,0.09166199887398645,0.028915525512298562,1e-07
0.06278413488637107,0.091716869857049,0.028932834970677918,1e-07
0.06282167395227882,0.09177170803166998,0.028950134079391163,1e-07
0.06285919059978806,0.09182651345683326,0.028967422857045195,1e-07
0.06289668486916611,0.09188128619136247,0.028984701322196365,1e-07
0.06293415680057128,0.09193602629392211,0.029001969493350824,1e-07
0.06297160643405388,0.09199073382301881,0.029019227388964924,1e-07
0.06300903380955683,0.0920454088370024,0.02903647502744555,1e-07
0.0630464389669166,0.09210005139406711,0.02905371242715051,1e-07
0.06308382194586387,0.09215466155225277,0.029070939606388888,1e-07
0.0631211827860245,0.09220923936944594,0.029088156583421433,1e-07
0.06315852152692014,0.09226378490338104,0.029105363376460896,1e-07
0.06319583820796916,0.09231829821164159,0.029122560003672426,1e-07
0.06323313286848738,0.0923727793516613,0.02913974648317391,1e-07
0.06327040554768892,0.09242722838072531,0.029156922833036374,1e-07
0.06330765628468694,0.09248164535597127,0.02917408907128431,1e-07
0.06334488511849448,0.09253603033439056,0.029191245215896076,1e-07
0.0633820920880252,0.09259038337282946,0.029208391284804246,1e-07
0.06341927723209428,0.09264470452799027,0.029225527295895986,1e-07
0.0634564405894191,0.09269899385643253,0.029242653267013412,1e-07
0.0634935821986201,0.09275325141457408,0.029259769215953968,1e-07
0.0635307020982216,0.0928074772586924,0.029276875160470787,1e-07
0.06356780032608193,0.09286167144409205,0.02929397111801011,1e-07
0.06360487691598002,0.09291583402011828,0.02931105710413826,1e-07
0.06364193190480376,0.09296996504065803,0.029328133135854268,1e-07
0.06367896533023575,0.09302406456075914,0.029345199230523387,1e-07
0.06371597722985133,0.09307813263531278,0.029362255405461442,1e-07
0.06375296764111926,0.09313216931905441,0.029379301677935142,1e-07
0.06378993660140223,0.09318617466656455,0.029396338065162318,1e-07
0.06382688414795754,0.09324014873226977,0.02941336458431223,1e-07
0.06386381031793764,0.09329409157044347,0.029430381252505824,1e-07
0.06390071514839077,0.09334800323520678,0.02944738808681602,1e-07
0.06393759867626152,0.0934018837805295,0.02946438510426798,1e-07
0.06397446093839146,0.09345573326023085,0.029481372321839384,1e-07
0.06401130197151973,0.09350955172798045,0.02949834975646071,1e-07
0.06404812181228366,0.09356333923729916,0.029515317425015508,1e-07
0.06408492049721927,0.09361709584155996,0.02953227534434068,1e-07
0.06412169806276204,0.09367082159398879,0.029549223531226746,1e-07
0.06415845454524734,0.09372451654766546,0.029566162002418128,1e-07
0.06419518998091113,0.09377818075552455,0.029583090774613425,1e-07
0.06423190440589052,0.09383181427035621,0.029600009864465683,1e-07
0.06426859785622442,0.09388541714480711,0.029616919288582684,1e-07
0.06430527036785402,0.09393898943138124,0.029633819063527203,1e-07
0.06434192197662356,0.09399253118244086,0.029650709205817305,1e-07
0.06437855271828072,0.09404604245020733,0.0296675897319266,1e-07
0.06441516262847745,0.094099523286762,0.029684460658284537,1e-07
0.06445175174277036,0.09415297374404703,0.02970132200127667,1e-07
0.06448832009662149,0.09420639387386642,0.02971817377724493,1e-07
0.06452486772539875,0.09425978372788667,0.029735016002487905,1e-07
0.06456139466437667,0.09431314335763781,0.02975184869326114,1e-07
0.06459790094873687,0.09436647281451424,0.029768671865777363,1e-07
0.06463438661356875,0.09441977214977557,0.029785485536206805,1e-07
0.06467085169387006,0.0944730414145475,0.029802289720677447,1e-07
0.06470729622454745,0.09452628065982277,0.029819084435275322,1e-07
0.06474372024041714,0.09457948993646191,0.029835869696044768,1e-07
0.0647801237762055,0.09463266929519422,0.029852645518988714,1e-07
0.06481650686654963,0.0946858187866186,0.029869411920068957,1e-07
0.06485286954599796,0.09473893846120439,0.029886168915206433,1e-07
0.06488921184901085,0.09479202836929236,0.0299029165202815,1e-07
0.06492553380996123,0.09484508856109544,0.029919654751134207,1e-07
0.06496183546313511,0.09489811908669968,0.02993638362356457,1e-07
0.06499811684273228,0.09495111999606515,0.029953103153332855,1e-07
0.06503437798286685,0.0950040913390267,0.029969813356159843,1e-07
0.06507061891756784,0.09505703316529497,0.02998651424772712,1e-07
0.06510683968077982,0.09510994552445716,0.030003205843677338,1e-07
0.06514304030636346,0.09516282846597797,0.030019888159614504,1e-07
0.0651792208280962,0.09521568203920044,0.03003656121110424,1e-07
0.06521538127967276,0.09526850629334685,0.030053225013674086,1e-07
0.0652515216947058,0.09532130127751955,0.030069879582813736,1e-07
0.06528764210672652,0.0953740670407019,0.03008652493397536,1e-07
0.06532374254918522,0.09542680363175905,0.030103161082573833,1e-07
0.06535982305507694,0.0954795110988912,0.03011978804381426,1e-07
0.06539588365447907,0.09553218948603624,0.030136405831557172,1e-07
0.06543192437960832,0.0955848388402573,0.030153014460648993,1e-07
0.0654679452632683,0.09563745920947488,0.030169613946206587,1e-07
0.06550394633817411,0.09569005064148015,0.030186204303306038,1e-07
0.06553992763695272,0.09574261318393554,0.03020278554698282,1e-07
0.06557588919214352,0.09579514688437556,0.030219357692232038,1e-07
0.0656118310361987,0.09584765179020731,0.03023592075400862,1e-07
0.06564775320148375,0.09590012794871129,0.030252474747227538,1e-07
0.06568365572027791,0.09595257540704194,0.03026901968676402,1e-07
0.06571953862477464,0.0960049942122284,0.030285555587453755,1e-07
0.06575540194708204,0.09605738441117515,0.030302082464093105,1e-07
0.06579124571922335,0.09610974605066268,0.030318600331439332,1e-07
0.06582706997313738,0.09616207917734816,0.030335109204210776,1e-07
0.065862874740679,0.09621438383776611,0.030351609097087104,1e-07
0.06589866005361959,0.09626666007832907,0.030368100024709486,1e-07
0.06593442594364743,0.09631890794532827,0.030384582001680843,1e-07
0.06597017244236827,0.09637112748493429,0.030401055042566023,1e-07
0.06600589958130573,0.09642331874319776,0.030417519161892042,1e-07
0.06604160739190172,0.09647548176604999,0.03043397437414826,1e-07
0.06607729590551702,0.09652761659930365,0.03045042069378664,1e-07
0.06611296515343155,0.09657972328865347,0.030466858135221913,1e-07
0.06614861516684505,0.09663180187967686,0.03048328671283182,1e-07
0.06618424597687735,0.09668385241783464,0.030499706440957303,1e-07
0.06621985761456893,0.09673587494847168,0.030516117333902734,1e-07
0.06625545011088137,0.09678786951681748,0.030532519405936116,1e-07
0.06629102349669776,0.09683983616798704,0.03054891267128929,1e-07
0.0663265778028232,0.09689177494698134,0.030565297144158156,1e-07
0.06636211305998525,0.09694368589868814,0.030581672838702882,1e-07
0.06639762929883442,0.09699556906788252,0.030598039769048114,1e-07
0.06643312654994452,0.0970474244992277,0.030614397949283185,1e-07
0.06646860484381324,0.09709925223727557,0.030630747393462325,1e-07
0.06650406421086259,0.09715105232646748,0.030647088115604883,1e-07
0.06653950468143928,0.0972028248111348,0.030663420129695522,1e-07
0.06657492628581525,0.09725456973549969,0.03067974344968445,1e-07
0.0666103290541881,0.09730628714367569,0.030696058089487596,1e-07
0.06664571301668154,0.09735797707966841,0.030712364062986882,1e-07
0.06668107820334589,0.09740963958737625,0.030728661384030364,1e-07
0.06671642464415853,0.09746127471059102,0.0307449500664325,1e-07
0.06675175236902427,0.09751288249299858,0.030761230123974317,1e-07
0.06678706140777595,0.09756446297817961,0.030777501570403664,1e-07
0.06682235179017479,0.09761601620961018,0.030793764419435387,1e-07
0.06685762354591089,0.09766754223066246,0.030810018684751563,1e-07
0.06689287670460368,0.09771904108460538,0.0308262643800017,1e-07
0.06692811129580242,0.09777051281460537,0.03084250151880296,1e-07
0.06696332734898655,0.09782195746372689,0.030858730114740347,1e-07
0.06699852489356628,0.09787337507493324,0.03087495018136695,1e-07
0.06703370395888296,0.09792476569108709,0.030891161732204128,1e-07
0.06706886457420957,0.0979761293549513,0.03090736478074174,1e-07
0.06710400676849892,0.098027466108821,0.030923559340322083,1e-07
0.06713913056856384,0.09807877599186514,0.03093974542330131,1e-07
0.06717423600272453,0.09813005904545473,0.030955923042730198,1e-07
0.06720932309974592,0.0981813153116104,0.030972092211864477,1e-07
0.06724439188831909,0.09823254483224492,0.03098825294392584,1e-07
0.06727944239706164,0.09828374764916378,0.03100440525210214,1e-07
0.0673144746545181,0.09833492380406561,0.03102054914954751,1e-07
0.0673494886891602,0.09838607333854277,0.031036684649382577,1e-07
0.06738448452938726,0.09843719629408185,0.03105281176469459,1e-07
0.0674194622035266,0.0984882927120642,0.031068930508537602,1e-07
0.0674544217398338,0.09853936263376643,0.031085040893932627,1e-07
0.06748936316649315,0.09859040610036096,0.03110114293386781,1e-07
0.06752428651161793,0.0986414231529165,0.031117236641298583,1e-07
0.0675591918032508,0.09869241383239864,0.031133322029147835,1e-07
0.0675940790693642,0.09874337817967027,0.031149399110306078,1e-07
0.0676289483378606,0.0987943162354922,0.03116546789763161,1e-07
0.06766379963657296,0.09884522804052362,0.031181528403950668,1e-07
0.06769863299326502,0.09889611363532264,0.031197580642057614,1e-07
0.06773344843563171,0.09894697306034679,0.031213624624715077,1e-07
0.06776824599129948,0.0989978063559536,0.031229660364654133,1e-07
0.06780302568782658,0.09904861356240104,0.03124568787457446,1e-07
0.06783778755270359,0.0990993947198481,0.03126170716714451,1e-07
0.06787253161335362,0.09915014986835528,0.03127771825500167,1e-07
0.06790725789713274,0.09920087904788516,0.031293721150752414,1e-07
0.06794196643133031,0.09925158229830279,0.03130971586697249,1e-07
0.06797665724316936,0.09930225965937642,0.03132570241620707,1e-07
0.06801133035980689,0.09935291117077781,0.03134168081097092,1e-07
0.06804598580833435,0.09940353687208289,0.03135765106374855,1e-07
0.06808062361577782,0.09945413680277222,0.03137361318699439,1e-07
0.06811524380909856,0.09950471100223153,0.031389567193132975,1e-07
0.06814984641519316,0.09955525950975222,0.03140551309455906,1e-07
0.0681844314608941,0.09960578236453192,0.031421450903637835,1e-07
0.06821899897296994,0.09965627960567498,0.03143738063270504,1e-07
0.0682535489781258,0.09970675127219299,0.03145330229406719,1e-07
0.06828808150300363,0.0997571974030053,0.03146921590000167,1e-07
0.0683225965741826,0.09980761803693956,0.03148512146275696,1e-07
0.06835709421817948,0.09985801321273224,0.03150101899455276,1e-07
0.06839157446144896,0.09990838296902911,0.03151690850758016,1e-07
0.06842603733038399,0.09995872734438582,0.03153279001400183,1e-07
0.06846048285131622,0.10000904637726837,0.03154866352595217,1e-07
0.06849491105051624,0.10005934010605366,0.03156452905553743,1e-07
0.06852932195419405,0.10010960856903,0.03158038661483596,1e-07
0.06856371558849933,0.10015985180439764,0.031596236215898306,1e-07
0.06859809197952187,0.10021006985026926,0.0316120778707474,1e-07
0.06863245115329182,0.10026026274467055,0.03162791159137872,1e-07
